GroupID2    DstPort             Action    
1           0111110111001001    0         
2           0000000010000111    4096      
3           0000010111110101    4096      
4           0000011010101111    4096      
5           0001011101110000    4096      
6           0000011011000110    0         
7           0011100110100001    0         
8           0000011010101001    4096      
9           0000010111110110    4096      
10          0000010111110001    4096      
11          0000010111110001    4096      
12          0000000010000111    4096      
13          0110100101111000    0         
14          0000010111110001    0         
15          0000010111110001    0         
16          0000000010000111    0         
17          0000010111110001    4096      
18          0000010011000101    0         
19          0000010011000101    0         
20          0000010111110001    0         
21          0000011010101010    0         
22          0001010110110011    0         
23          0000011010101010    0         
24          0000011010110000    0         
25          0000010111110001    0         
26          0000010011000101    4096      
27          0001010110110011    0         
28          0000000001010000    0         
29          0000100001001001    0         
30          0111110111001000    0         
31          0000010111110001    0         
32          0000011010101010    4096      
33          0000010111110101    4096      
34          1111111111011100    0         
35          0000100100000100    0         
36          0000011010101100    4096      
37          0000010111110001    0         
38          0000010111110001    0         
39          0000011010110101    0         
40          0000100001001001    0         
41          0000010110011001    0         
42          ****************    0         
43          ****************    0         
44          ****************    0         
45          ****************    0         
46          ****************    0         
47          ****************    0         
48          ****************    0         
49          ****************    0         
50          ****************    0         
51          ****************    0         
52          ****************    0         
53          ****************    0         
54          ****************    0         
55          ****************    0         
56          ****************    0         
57          ****************    0         
58          ****************    0         
59          ****************    0         
60          ****************    0         
61          ****************    0         
62          ****************    0         
63          ****************    0         
64          ****************    0         
65          ****************    0         
66          ****************    0         
67          ****************    0         
68          ****************    0         
69          ****************    4096      
70          ****************    0         
71          ****************    0         
72          ****************    0         
73          ****************    0         
74          ****************    0         
75          ****************    0         
76          ****************    0         
77          ****************    0         
78          ****************    0         
79          ****************    0         
80          ****************    0         
81          ****************    0         
82          ****************    0         
83          ****************    0         
84          ****************    0         
85          ****************    0         
86          ****************    0         
87          ****************    0         
88          ****************    0         
89          ****************    0         
90          ****************    0         
91          ****************    0         
92          ****************    0         
93          ****************    0         
94          ****************    0         
95          ****************    0         
96          ****************    0         
97          ****************    0         
98          ****************    0         
99          ****************    0         
100         ****************    0         
101         ****************    0         
102         ****************    0         
103         ****************    4096      
104         ****************    0         
105         ****************    0         
106         ****************    0         
107         ****************    0         
108         ****************    0         
109         ****************    4096      
110         ****************    0         
111         ****************    0         
112         ****************    0         
113         ****************    0         
114         ****************    0         
115         ****************    0         
116         ****************    0         
117         ****************    0         
118         ****************    0         
119         ****************    0         
120         ****************    0         
121         ****************    0         
122         ****************    0         
123         ****************    0         
124         ****************    0         
125         ****************    0         
126         ****************    0         
127         ****************    0         
128         ****************    0         
129         ****************    0         
130         ****************    0         
131         ****************    0         
132         ****************    0         
133         ****************    0         
134         ****************    0         
135         ****************    0         
136         ****************    0         
137         ****************    0         
138         ****************    0         
139         ****************    0         
140         ****************    0         
141         ****************    0         
142         ****************    0         
143         ****************    0         
144         ****************    0         
145         ****************    0         
146         ****************    0         
147         ****************    0         
148         ****************    0         
149         ****************    0         
150         ****************    4096      
151         ****************    0         
152         ****************    0         
153         ****************    0         
154         ****************    0         
155         ****************    0         
156         ****************    0         
157         ****************    0         
158         ****************    0         
159         ****************    0         
160         ****************    0         
161         ****************    0         
162         ****************    0         
163         ****************    0         
164         ****************    0         
165         ****************    0         
166         ****************    0         
167         ****************    0         
168         ****************    0         
169         ****************    0         
170         ****************    0         
171         ****************    0         
172         ****************    0         
173         ****************    0         
174         ****************    0         
175         ****************    0         
176         ****************    0         
177         ****************    4096      
178         ****************    0         
179         ****************    0         
180         ****************    0         
181         ****************    0         
182         ****************    4096      
183         ****************    4096      
184         ****************    0         
185         ****************    0         
186         ****************    0         
187         ****************    0         
188         ****************    4096      
189         ****************    4096      
190         ****************    0         
191         ****************    0         
192         ****************    0         
193         ****************    0         
194         ****************    0         
195         ****************    0         
196         ****************    4096      
197         ****************    0         
198         ****************    0         
199         ****************    0         
200         ****************    0         
201         ****************    0         
202         ****************    0         
203         ****************    0         
204         ****************    0         
205         ****************    0         
206         ****************    0         
207         ****************    0         
208         ****************    0         
209         ****************    0         
210         ****************    0         
211         ****************    0         
212         ****************    0         
213         ****************    0         
214         ****************    0         
215         ****************    0         
216         ****************    0         
217         ****************    0         
218         ****************    0         
219         0000011010101100    0         
220         0000100001001001    0         
221         0000011011000110    0         
222         0000010111110001    0         
223         0000011010101011    0         
224         0000010111110001    0         
225         0000011010101011    0         
226         0000011010101010    0         
227         0000010111110001    0         
228         0000000000010100    0         
229         0000010111110001    0         
230         0000010111110001    0         
231         0000000001010000    0         
233         0000010111110001    0         
234         0000010011000101    0         
235         ****************    0         
236         ****************    0         
237         ****************    4096      
238         ****************    0         
