GroupID2    SP_Quotient Bitmap32                                Action    
167         5           01100000000000000000000000000000        0         
251         156         00000000111111111110000000000000        0         
447         344         00000000000001110000000000000000        0         
477         5           01100000000000000000000000000000        0         
492         97          00111000000000000000000000000000        0         
493         97          00111000000000000000000000000000        0         
1403        94          11100000000000000000000000000000        0         
1447        5           01100000000000000000000000000000        0         
1475        100         00000011111111111000000000000000        0         
1529        4           00000000011000000000000000000000        0         
1561        125         00000000000111100000000000000000        0         
1932        688         11111111111111000000000000000000        0         
2022        4           00000000011000000000000000000000        0         
2089        97          00111000000000000000000000000000        0         
2108        4           00000000011000000000000000000000        0         
2326        688         11111111111111000000000000000000        0         
2364        5           01100000000000000000000000000000        0         
2441        4           00000000011000000000000000000000        0         
2446        5           01100000000000000000000000000000        0         
2476        4           00000000011000000000000000000000        0         
2522        97          00111000000000000000000000000000        0         
2581        125         00000000000111100000000000000000        0         
2590        128         00001111111111100000000000000000        0         
2592        4           00000000011000000000000000000000        0         
2641        100         00000011111111111000000000000000        0         
2697        125         00000000000111100000000000000000        0         
2977        4           00000000011000000000000000000000        0         
3081        169         00000000000000000000000110000000        0         
3126        4           00000000011000000000000000000000        0         
3127        97          00111000000000000000000000000000        0         
3145        125         00000000000111100000000000000000        0         
3160        97          00111000000000000000000000000000        0         
3161        344         00000000000001110000000000000000        0         
3165        97          00111000000000000000000000000000        0         
3204        4           00000000011000000000000000000000        0         
3217        5           01100000000000000000000000000000        0         
3271        97          00111000000000000000000000000000        0         
3272        5           01100000000000000000000000000000        0         
3423        688         11111111111111000000000000000000        0         
