MetaInfo for SRC Port (51 entries)
Idx	InitNum	Src_lo	Src_hi	GroupIDs
0	0	0	65535	{27}
1	1	0	65535	{9}
2	2	1000	2000	{10}
3	3	1500	1800	{10}
4	4	1500	1600	{11}
5	5	1500	1600	{12}
6	6	1500	1600	{12}
7	7	4000	5000	{13}
8	8	4500	4800	{13}
9	9	0	65535	{28}
10	10	0	65535	{14}
11	11	100	200	{15}
12	12	150	180	{15}
13	13	150	180	{16}
14	14	0	65535	{29}
15	15	2000	3000	{17}
16	16	2500	2600	{17}
17	17	2500	2600	{18}
18	18	1500	1600	{19}
19	19	1500	1600	{19}
20	20	1800	2500	{20}
21	21	2000	3000	{21}
22	22	1000	1500	{22}
23	23	1000	1500	{23}
24	24	1000	1500	{24}
25	25	1500	1800	{25}
26	26	100	200	{26}
27	5	1500	1600	{0}
28	6	1500	1600	{0}
29	5	1500	1600	{1}
30	6	1500	1600	{1}
31	26	100	200	{1}
32	7	4000	5000	{2}
33	8	4500	4800	{2}
34	9	0	65535	{2}
35	7	4000	5000	{3}
36	8	4500	4800	{3}
37	9	0	65535	{3}
38	24	1000	1500	{3}
39	25	1500	1800	{3}
40	7	4000	5000	{4}
41	8	4500	4800	{4}
42	9	0	65535	{4}
43	26	100	200	{4}
44	1	0	65535	{5}
45	5	1500	1600	{6}
46	6	1500	1600	{6}
47	7	4000	5000	{7}
48	8	4500	4800	{7}
49	9	0	65535	{7}
50	14	0	65535	{8}
