GroupIDs	Src_lo	Src_hi	Idx	InitNum
{0}	1500	1600	1	5
{0}	1500	1600	2	6
{1}	100	200	3	26
{1}	1500	1600	4	5
{1}	1500	1600	5	6
{2}	0	65535	6	9
{2}	4000	5000	7	7
{2}	4500	4800	8	8
{3}	0	65535	9	9
{3}	1000	1500	10	24
{3}	1500	1800	11	25
{3}	4000	5000	12	7
{3}	4500	4800	13	8
{4}	0	65535	14	9
{4}	100	200	15	26
{4}	4000	5000	16	7
{4}	4500	4800	17	8
{5}	0	65535	18	1
{6}	1500	1600	19	5
{6}	1500	1600	20	6
{7}	0	65535	21	9
{7}	4000	5000	22	7
{7}	4500	4800	23	8
{8}	0	65535	24	14
{9}	0	65535	25	1
{10}	1000	2000	26	2
{10}	1500	1800	27	3
{11}	1500	1600	28	4
{12}	1500	1600	29	5
{12}	1500	1600	30	6
{13}	4000	5000	31	7
{13}	4500	4800	32	8
{14}	0	65535	33	10
{15}	100	200	34	11
{15}	150	180	35	12
{16}	150	180	36	13
{17}	2000	3000	37	15
{17}	2500	2600	38	16
{18}	2500	2600	39	17
{19}	1500	1600	40	18
{19}	1500	1600	41	19
{20}	1800	2500	42	20
{21}	2000	3000	43	21
{22}	1000	1500	44	22
{23}	1000	1500	45	23
{24}	1000	1500	46	24
{25}	1500	1800	47	25
{26}	100	200	48	26
{27}	0	65535	49	0
{28}	0	65535	50	9
{29}	0	65535	51	14
