GroupID1            SP_Quotient           Bitmap32                                          GroupID2  
1                   3                     00001111111111111111111111111111                  2         
1                   6                     11111111100000000000000000000000                  2         
2                   140                   00000000000000000000111111111111                  6         
2                   156                   11111111100000000000000000000000                  5         
3                   31                    00000000111111111111111111111111                  8         
3                   46                    11111111111111111111111111111000                  8         
3                   56                    11111111100000000000000000000000                  9         
3                   140                   00000000000000000000111111111111                  11        
3                   156                   11111111100000000000000000000000                  10        
4                   3                     00001111111111111111111111111111                  13        
4                   6                     11111111100000000000000000000000                  13        
4                   140                   00000000000000000000111111111111                  15        
4                   156                   11111111100000000000000000000000                  14        
7                   140                   00000000000000000000111111111111                  20        
7                   156                   11111111100000000000000000000000                  19        
10                  31                    00000000111111111111111111111111                  23        
10                  56                    11111111100000000000000000000000                  24        
10                  62                    11111111111111111000000000000000                  23        
13                  140                   00000000000000000000111111111111                  28        
13                  156                   11111111100000000000000000000000                  27        
15                  3                     00001111111111111111111111111111                  30        
15                  4                     00000000000000000000001111111111                  31        
15                  5                     11111111111111111111100000000000                  31        
15                  6                     11111111100000000000000000000000                  30        
16                  4                     00000000000000000000001111111111                  32        
16                  5                     11111111111111111111100000000000                  32        
17                  78                    00001111111111111111111111111111                  34        
17                  81                    11111111100000000000000000000000                  34        
17                  93                    11111111111111111111111110000000                  33        
18                  78                    00001111111111111111111111111111                  35        
18                  81                    11111111100000000000000000000000                  35        
20                  56                    00000000111111111111111111111111                  37        
20                  78                    11111000000000000000000000000000                  37        
21                  93                    11111111111111111111111110000000                  38        
22                  31                    00000000111111111111111111111111                  39        
22                  46                    11111111111111111111111111111000                  39        
23                  31                    00000000111111111111111111111111                  40        
23                  46                    11111111111111111111111111111000                  40        
24                  31                    00000000111111111111111111111111                  41        
24                  46                    11111111111111111111111111111000                  41        
25                  56                    11111111100000000000000000000000                  42        
26                  3                     00001111111111111111111111111111                  43        
26                  6                     11111111100000000000000000000000                  43        
