GID1	Src_lo	Src_hi	GID2
0           0           65535       0           
1           0           65535       1           
2           0           65535       2           
3           0           65535       3           
4           0           65535       4           
5           0           65535       5           
6           0           65535       6           
7           0           65535       7           
8           0           65535       8           
9           0           65535       9           
10          0           65535       10          
11          0           65535       11          
12          0           65535       12          
13          0           65535       13          
14          0           65535       14          
15          0           65535       15          
16          0           65535       16          
17          0           65535       17          
18          0           65535       18          
19          0           65535       19          
20          0           65535       20          
21          0           65535       21          
22          0           65535       22          
23          0           65535       23          
24          0           65535       24          
25          0           65535       25          
26          0           65535       26          
27          0           65535       27          
28          0           65535       28          
29          0           65535       29          
30          0           65535       30          
31          0           65535       31          
32          0           65535       32          
33          0           65535       33          
34          0           65535       34          
35          0           65535       35          
36          0           65535       36          
37          0           65535       37          
38          0           65535       38          
39          0           65535       39          
40          0           65535       40          
41          0           65535       41          
42          0           65535       42          
43          0           65535       43          
44          0           65535       44          
45          0           65535       45          
46          0           65535       46          
47          0           65535       47          
48          0           65535       48          
49          0           65535       49          
50          0           65535       50          
51          0           65535       51          
52          0           65535       52          
53          0           65535       53          
54          0           65535       54          
55          0           65535       55          
56          0           65535       56          
57          0           65535       57          
58          0           65535       58          
59          0           65535       59          
60          0           65535       60          
61          0           65535       61          
62          0           65535       62          
63          0           65535       63          
64          0           65535       64          
65          0           65535       65          
66          0           65535       66          
67          0           65535       67          
68          0           65535       68          
69          0           65535       69          
70          0           65535       70          
71          0           65535       71          
72          0           65535       72          
73          0           65535       73          
74          0           65535       74          
75          0           65535       75          
76          0           65535       76          
77          0           65535       77          
78          0           65535       78          
79          0           65535       79          
80          0           65535       80          
81          0           65535       81          
82          0           65535       82          
83          0           65535       83          
84          0           65535       84          
85          0           65535       85          
86          0           65535       86          
87          0           65535       87          
88          0           65535       88          
89          0           65535       89          
90          0           65535       90          
91          0           65535       91          
92          0           65535       92          
93          0           65535       93          
94          0           65535       94          
95          0           65535       95          
96          0           65535       96          
97          0           65535       97          
98          0           65535       98          
99          0           65535       99          
100         0           65535       100         
101         0           65535       101         
102         0           65535       102         
103         0           65535       103         
104         0           65535       104         
105         0           65535       105         
106         0           65535       106         
107         0           65535       107         
108         0           65535       108         
109         0           65535       109         
110         0           65535       110         
111         0           65535       111         
112         0           65535       112         
113         0           65535       113         
114         0           65535       114         
115         0           65535       115         
116         0           65535       116         
117         0           65535       117         
118         0           65535       118         
119         0           65535       119         
120         0           65535       120         
121         0           65535       121         
122         0           65535       122         
123         0           65535       123         
124         0           65535       124         
125         0           65535       125         
126         0           65535       126         
127         0           65535       127         
128         0           65535       128         
129         0           65535       129         
130         0           65535       130         
131         0           65535       131         
132         0           65535       132         
133         0           65535       133         
134         0           65535       134         
135         0           65535       135         
136         0           65535       136         
137         0           65535       137         
138         0           65535       138         
139         0           65535       139         
140         0           65535       140         
141         0           65535       141         
142         0           65535       142         
143         0           65535       143         
144         0           65535       144         
145         0           65535       145         
146         0           65535       146         
147         0           65535       147         
148         0           65535       148         
149         0           65535       149         
150         0           65535       150         
151         0           65535       151         
152         0           65535       152         
153         0           65535       153         
154         0           65535       154         
155         0           65535       155         
156         0           65535       156         
157         0           65535       157         
158         0           65535       158         
159         0           65535       159         
160         0           65535       160         
161         0           65535       161         
162         0           65535       162         
163         0           65535       163         
164         0           65535       164         
165         0           65535       165         
166         0           65535       166         
167         0           65535       167         
168         0           65535       168         
169         0           65535       169         
170         0           65535       170         
171         0           65535       171         
172         0           65535       172         
173         0           65535       173         
174         0           65535       174         
175         0           65535       175         
176         0           65535       176         
177         0           65535       177         
178         0           65535       178         
179         0           65535       179         
180         0           65535       180         
181         0           65535       181         
182         0           65535       182         
183         0           65535       183         
184         0           65535       184         
185         0           65535       185         
186         0           65535       186         
187         0           65535       187         
188         0           65535       188         
189         0           65535       189         
190         0           65535       190         
191         0           65535       191         
192         0           65535       192         
193         0           65535       193         
194         0           65535       194         
195         0           65535       195         
196         0           65535       196         
197         0           65535       197         
198         0           65535       198         
199         0           65535       199         
200         0           65535       200         
201         0           65535       201         
202         0           65535       202         
203         0           65535       203         
204         0           65535       204         
205         0           65535       205         
206         0           65535       206         
207         0           65535       207         
208         0           65535       208         
209         0           65535       209         
210         0           65535       210         
211         0           65535       211         
212         0           65535       212         
213         0           65535       213         
214         0           65535       214         
215         0           65535       215         
216         0           65535       216         
217         0           65535       217         
218         0           65535       218         
219         0           65535       219         
220         0           65535       220         
221         0           65535       221         
222         0           65535       222         
223         0           65535       223         
224         0           65535       224         
225         0           65535       225         
226         0           65535       226         
227         0           65535       227         
228         0           65535       228         
229         0           65535       229         
230         0           65535       230         
231         0           65535       231         
232         0           65535       232         
233         0           65535       233         
234         0           65535       234         
235         0           65535       235         
236         0           65535       236         
237         0           65535       237         
238         0           65535       238         
239         0           65535       239         
240         0           65535       240         
241         0           65535       241         
