Merged IP Table (1068 entries):
Idx	SrcIP_lo	SrcIP_hi	DstIP_lo	DstIP_hi	Proto	SrcMask	DstMask	MergedCount
0	2749028288	2749028319	3382513563	3382513563	17	27	32	12
1	99901302	99901303	69981504	69981511	17	31	29	48
2	99901304	99901311	69981514	69981515	17	29	31	58
3	2749028328	2749028335	3212122860	3212122863	17	29	30	22
4	2749028224	2749028287	3212122858	3212122858	17	26	32	11
5	99901184	99901247	1990537087	1990537087	17	26	32	17
6	3559818240	3559818303	3382513562	3382513562	17	26	32	40
7	1389989632	1389989695	1990537086	1990537086	17	26	32	32
8	1389989696	1389989696	1990536960	1990537023	17	32	26	2
9	1389989698	1389989699	69981536	69981567	17	31	27	2
10	1389989704	1389989711	1990537072	1990537079	17	29	29	15
11	3559818368	3559818495	3382513562	3382513562	17	25	32	12
12	1389989728	1389989759	1990537080	1990537083	17	27	30	48
13	3559818336	3559818351	3382513536	3382513551	17	28	28	18
14	99901312	99901439	1990537084	1990537085	17	25	31	13
15	99901248	99901279	1990537056	1990537071	17	27	28	18
16	99899392	99900415	69981513	69981513	17	22	32	4
17	1389989760	1389989887	1990537080	1990537083	17	25	30	49
18	1389989712	1389989727	1990537024	1990537055	17	28	27	28
19	3559818496	3559818751	3382513564	3382513567	17	24	30	31
20	1389989376	1389989631	1990537080	1990537083	17	24	30	20
21	2749028288	2749028319	3212122816	3212122847	17	27	27	67
22	99901312	99901439	69981504	69981511	17	25	29	56
23	1389993984	1390002175	1990537087	1990537087	17	19	32	1
24	3559818368	3559818495	3382513536	3382513551	17	25	28	43
25	99901280	99901295	1990537088	1990537215	17	28	25	27
26	99901296	99901299	69981696	69982207	17	30	23	3
27	3559818304	3559818335	3382513408	3382513535	17	27	25	39
28	1389987840	1389988863	69981516	69981519	17	22	30	7
29	1389989632	1389989695	1990536960	1990537023	17	26	26	4
30	3559818496	3559818751	3382513568	3382513599	17	24	27	7
31	1389987840	1389988863	1990537072	1990537079	17	22	29	10
32	1389989632	1389989695	1990537088	1990537215	17	26	25	8
33	1389985792	1389987839	1990537080	1990537083	17	21	30	5
34	1389989888	1389993983	1990537080	1990537083	17	20	30	2
35	1389987840	1389988863	69981520	69981535	17	22	28	5
36	1389987840	1389988863	1990537056	1990537071	17	22	28	2
37	3559821312	3559825407	3382513552	3382513559	17	20	29	2
38	2749028324	2749028324	3382513562	3382513562	17	32	32	6
39	2749028324	2749028324	3382513562	3382513562	6	32	32	4
40	1389988864	1389989375	1990536960	1990537023	17	23	26	20
41	1389989760	1389989887	1990536704	1990536959	17	25	24	9
42	1389993984	1390002175	1990537080	1990537083	17	19	30	2
43	1389989376	1389989631	1990537088	1990537215	17	24	25	18
44	1389989888	1389993983	1990537056	1990537071	17	20	28	2
45	1389989632	1389989695	1990535168	1990536191	17	26	22	2
46	3559818354	3559818354	3382513552	3382513559	17	32	29	2
47	99901301	99901301	1990537072	1990537079	17	32	29	33
48	2749028326	2749028327	3212122860	3212122863	17	31	30	10
49	2749028326	2749028327	3212122860	3212122863	6	31	30	9
50	99901301	99901301	1990537072	1990537079	6	32	29	28
51	3559818352	3559818353	3382513552	3382513559	6	31	29	5
52	99901302	99901303	69981504	69981511	6	31	29	30
53	3559818352	3559818353	3382513552	3382513559	17	31	29	5
54	2749028288	2749028319	3382513563	3382513563	6	27	32	7
55	99901304	99901311	69981514	69981515	6	29	31	27
56	2749028328	2749028335	3212122860	3212122863	6	29	30	10
57	99901184	99901247	1990537087	1990537087	6	26	32	7
58	3559818240	3559818303	3382513562	3382513562	6	26	32	15
59	1389989632	1389989695	1990537086	1990537086	6	26	32	12
60	3559818368	3559818495	3382513562	3382513562	6	25	32	7
61	1389989728	1389989759	1990537080	1990537083	6	27	30	12
62	3559818336	3559818351	3382513536	3382513551	6	28	28	6
63	1390002176	1390018559	1990536192	1990536703	17	18	23	1
64	1389989888	1389993983	1990537216	1990541311	17	20	20	2
65	1389989712	1389989727	1990537024	1990537055	6	28	27	6
66	1389993984	1390002175	1990533120	1990535167	17	19	21	2
67	3559818496	3559818751	3382513564	3382513567	6	24	30	6
68	1389989376	1389989631	1990537080	1990537083	6	24	30	6
69	3489660928	3556769791	3382513563	3382513563	17	6	32	33
70	99901312	99901439	69981504	69981511	6	25	29	8
71	3559818368	3559818495	3382513536	3382513551	6	25	28	8
72	2751463424	2818572287	3382513562	3382513562	17	6	32	31
73	2818572288	2952790015	3382513563	3382513563	17	5	32	51
74	99901296	99901299	69981696	69982207	6	30	23	5
75	3559818304	3559818335	3382513408	3382513535	6	27	25	12
76	268435456	536870911	69981513	69981513	17	4	32	34
77	1389989632	1389989695	1990536960	1990537023	6	26	26	5
78	1073741824	2147483647	69981513	69981513	17	2	32	41
79	3559818496	3559818751	3382513568	3382513599	6	24	27	10
80	2749028325	2749028325	2147483648	2684354559	17	32	3	8
81	99901300	99901300	536870912	1073741823	17	32	3	41
82	2147483648	4294967295	1990537087	1990537087	17	1	32	28
83	268435456	536870911	1990537086	1990537086	17	4	32	21
84	134217728	268435455	1990537084	1990537085	17	5	31	46
85	1389989697	1389989697	1990536960	1990537023	6	32	26	1
86	1389987840	1389988863	1990537072	1990537079	6	22	29	11
87	1389989632	1389989695	1990537088	1990537215	6	26	25	6
88	2952790016	3221225471	3382513560	3382513561	17	4	31	35
89	268435456	536870911	1990537084	1990537085	17	4	31	51
90	99901300	99901300	1990537088	1990537215	6	32	25	2
91	1389989888	1389993983	1990537080	1990537083	6	20	30	2
92	1389989697	1389989697	1990536960	1990537023	17	32	26	1
93	1389988864	1389989375	1990537024	1990537055	6	23	27	6
94	1389987840	1389988863	69981520	69981535	6	22	28	6
95	1409286144	1476395007	1990537072	1990537079	17	6	29	33
96	0	4294967295	3382513563	3382513563	17	0	32	24
97	1610612736	2147483647	69981512	69981512	17	3	32	50
98	3559818355	3559818355	3382513152	3382513407	6	32	24	3
99	2749028325	2749028325	3212122880	3212123135	6	32	24	3
100	3559821312	3559825407	3382513552	3382513559	6	20	29	5
101	1389989888	1389993983	1990537072	1990537079	6	20	29	5
102	2147483648	2684354559	3382513560	3382513561	17	3	31	60
103	2952790016	3221225471	3212122860	3212122863	17	4	30	59
104	1073741824	1342177279	1990537080	1990537083	17	4	30	62
105	99901300	99901300	1990537088	1990537215	17	32	25	1
106	1389988864	1389989375	1990537024	1990537055	17	23	27	4
107	1389988864	1389989375	1990536960	1990537023	6	23	26	17
108	1342177280	1375731711	1990537024	1990537055	17	7	27	25
109	1389989760	1389989887	1990536704	1990536959	6	25	24	20
110	1389993984	1390002175	1990537080	1990537083	6	19	30	2
111	1389989376	1389989631	1990537088	1990537215	6	24	25	23
112	3559818355	3559818355	3382513152	3382513407	17	32	24	2
113	2749028325	2749028325	3212122880	3212123135	17	32	24	1
114	3623878656	3758096383	3382513536	3382513551	17	5	28	46
115	2818572288	2952790015	3212122864	3212122879	17	5	28	25
116	3758096384	4294967295	3382513564	3382513567	17	3	30	54
117	99901300	99901300	1990537088	1990537215	47	32	25	1
118	99901296	99901299	536870912	1073741823	17	30	3	32
119	99901296	99901299	1073741824	1610612735	17	30	3	26
120	1389989888	1389993983	1990537072	1990537079	17	20	29	2
121	3559818356	3559818359	2147483648	3221225471	17	30	2	11
122	99901296	99901299	1073741824	2147483647	17	30	2	32
123	2749028324	2749028324	3382513562	3382513562	47	32	32	1
124	99901248	99901279	134217728	268435455	17	27	5	14
125	536870912	1073741823	1990537072	1990537079	17	3	29	65
126	536870912	1073741823	69981504	69981511	17	3	29	61
127	1389988864	1389989375	1990536704	1990536959	6	23	24	8
128	1389987840	1389988863	1990536960	1990537023	17	22	26	2
129	1476395008	1610612735	69981536	69981567	17	5	27	40
130	1073741824	2147483647	69981516	69981519	17	2	30	81
131	0	2147483647	3212122856	3212122857	17	1	31	45
132	3559818360	3559818367	2147483648	3221225471	17	29	2	18
133	3559818336	3559818351	3758096384	4294967295	17	28	3	11
134	99901280	99901295	1073741824	1610612735	17	28	3	43
135	3758096384	4294967295	3382513536	3382513551	17	3	28	68
136	2749028320	2749028323	2147483648	4294967295	17	30	1	22
137	99901248	99901279	268435456	536870911	17	27	4	20
138	1389988864	1389989375	1990536704	1990536959	17	23	24	3
139	1390411776	1392508927	1990537087	1990537087	6	11	32	11
140	0	4294967295	3382513560	3382513561	17	0	31	65
141	3559818354	3559818354	3382513552	3382513559	6	32	29	1
142	3559818354	3559818354	3382513552	3382513559	1	32	29	2
143	99901301	99901301	1990537072	1990537079	1	32	29	6
144	3221225472	4294967295	3212122864	3212122879	17	2	28	77
145	2749028326	2749028327	3212122860	3212122863	1	31	30	3
146	2749028224	2749028287	2684354560	2952790015	17	26	4	31
147	2749028336	2749028351	2147483648	3221225471	17	28	2	38
148	1390411776	1392508927	1990537087	1990537087	17	11	32	2
149	0	4294967295	3382513564	3382513567	17	0	30	74
150	0	4294967295	69981516	69981519	17	0	30	44
151	0	2147483647	3212122848	3212122855	17	1	29	82
152	1610612736	2147483647	1990537024	1990537055	17	3	27	29
153	3559818352	3559818353	3382513552	3382513559	1	31	29	3
154	99901302	99901303	69981504	69981511	1	31	29	6
155	3559818354	3559818354	3382513552	3382513559	47	32	29	1
156	99901301	99901301	1990537072	1990537079	47	32	29	1
157	3221225472	4294967295	3212122816	3212122847	17	2	27	20
158	2749028326	2749028327	3212122860	3212122863	47	31	30	1
159	2147483648	2684354559	3382513600	3382513663	17	3	26	65
160	1610612736	2147483647	69981440	69981503	17	3	26	64
161	2749028288	2749028319	3382513563	3382513563	1	27	32	6
162	2749028224	2749028287	3212122858	3212122858	6	26	32	4
163	2147483648	4294967295	1990537056	1990537071	17	1	28	83
164	99901248	99901279	0	1073741823	17	27	2	11
165	99901304	99901311	69981514	69981515	1	29	31	6
166	0	4294967295	3382513552	3382513559	17	0	29	89
167	3559818368	3559818495	2147483648	2684354559	17	25	3	16
168	3559818352	3559818353	3382513552	3382513559	47	31	29	1
169	99901302	99901303	69981504	69981511	47	31	29	1
170	2749028328	2749028335	3212122860	3212122863	1	29	30	6
171	2749028288	2749028319	3382513563	3382513563	47	27	32	1
172	2749028224	2749028287	3212122858	3212122858	1	26	32	4
173	99901184	99901247	1990537087	1990537087	1	26	32	6
174	2147483648	4294967295	1990537024	1990537055	17	1	27	58
175	0	2147483647	3212122816	3212122847	17	1	27	51
176	99901184	99901247	0	1073741823	17	26	2	30
177	99901304	99901311	69981514	69981515	47	29	31	1
178	1389989696	1389989696	1990536960	1990537023	6	32	26	3
179	1389989704	1389989711	1990537072	1990537079	6	29	29	5
180	0	4294967295	69981520	69981535	17	0	28	80
181	3559818496	3559818751	2147483648	2684354559	17	24	3	5
182	3559818240	3559818303	3382513562	3382513562	1	26	32	6
183	1389989632	1389989695	1990537086	1990537086	1	26	32	6
184	2749028328	2749028335	3212122860	3212122863	47	29	30	1
185	2749028224	2749028287	2147483648	4294967295	17	26	1	9
186	2749028224	2749028287	3212122858	3212122858	47	26	32	1
187	99901184	99901247	1990537087	1990537087	47	26	32	1
188	2147483648	4294967295	1990536960	1990537023	17	1	26	60
189	0	2147483647	3212122752	3212122815	17	1	26	68
190	1389989696	1389989696	1990536960	1990537023	1	32	26	2
191	1389989698	1389989699	69981536	69981567	6	31	27	1
192	1389989698	1389989699	69981536	69981567	1	31	27	1
193	1389989704	1389989711	1990537072	1990537079	1	29	29	5
194	1073741824	2147483647	69981568	69981695	17	2	25	48
195	0	4294967295	3382513568	3382513599	17	0	27	82
196	0	4294967295	69981536	69981567	17	0	27	75
197	3559818368	3559818495	3382513562	3382513562	1	25	32	6
198	3559818240	3559818303	3382513562	3382513562	47	26	32	1
199	1389989632	1389989695	1990537086	1990537086	47	26	32	1
200	2749028096	2749028223	2147483648	4294967295	17	25	1	28
201	99901312	99901439	1990537084	1990537085	6	25	31	5
202	99900928	99901183	0	1073741823	17	24	2	19
203	1390411776	1392508927	1990537080	1990537083	6	11	30	1
204	1389989696	1389989696	1990536960	1990537023	47	32	26	1
205	1389989704	1389989711	1990537072	1990537079	47	29	29	1
206	1073741824	2147483647	69981184	69981439	17	2	24	44
207	0	4294967295	69981440	69981503	17	0	26	42
208	1389989728	1389989759	1990537080	1990537083	1	27	30	6
209	0	2147483647	3212122624	3212122751	17	1	25	57
210	1610612736	2147483647	1990536192	1990536703	17	3	23	32
211	3559818368	3559818495	3382513562	3382513562	47	25	32	1
212	3559818355	3559818355	3382513152	3382513407	1	32	24	1
213	3559818355	3559818355	3382513152	3382513407	47	32	24	1
214	3559818336	3559818351	3382513536	3382513551	1	28	28	4
215	99901312	99901439	1990537084	1990537085	1	25	31	5
216	99901248	99901279	1990537056	1990537071	6	27	28	4
217	99900416	99900927	1073741824	2147483647	17	23	2	8
218	99899392	99900415	69981513	69981513	6	22	32	3
219	1389989888	1389993983	1990533120	1990535167	17	20	21	1
220	1389989760	1389989887	1990537080	1990537083	6	25	30	7
221	0	4294967295	3382513408	3382513535	17	0	25	41
222	1389989728	1389989759	1990537080	1990537083	47	27	30	1
223	3489660928	3556769791	3382513563	3382513563	6	6	32	34
224	3559818336	3559818351	3382513536	3382513551	47	28	28	1
225	2749028288	2749028319	3212122816	3212122847	6	27	27	8
226	2749027328	2749027839	2147483648	4294967295	17	23	1	17
227	2749028096	2749028223	3212181504	3212312575	17	25	15	2
228	2749028324	2749028324	3382513562	3382513562	0	32	32	1
229	99901312	99901439	1990537084	1990537085	47	25	31	1
230	99901248	99901279	1990537056	1990537071	1	27	28	3
231	99899392	99900415	69981513	69981513	1	22	32	1
232	1389989888	1389993983	1990537087	1990537087	6	20	32	1
233	1389989888	1389993983	69984256	69992447	6	20	19	1
234	1389989888	1389993983	69976064	69980159	17	20	20	1
235	1389989760	1389989887	1990537080	1990537083	1	25	30	6
236	1390411776	1392508927	1990537056	1990537071	6	11	28	1
237	1389989712	1389989727	1990537024	1990537055	1	28	27	4
238	1073741824	2147483647	69980160	69981183	17	2	22	19
239	0	4294967295	3212122880	3212123135	17	0	24	31
240	0	4294967295	3382513152	3382513407	17	0	24	40
241	3559818496	3559818751	3382513564	3382513567	1	24	30	3
242	1389989376	1389989631	1990537080	1990537083	1	24	30	5
243	2751463424	2818572287	3382513562	3382513562	6	6	32	34
244	2818572288	2952790015	3382513563	3382513563	6	5	32	46
245	2749028288	2749028319	3212122816	3212122847	1	27	27	4
246	99901280	99901295	1990537088	1990537215	6	28	25	6
247	99901312	99901439	69981504	69981511	1	25	29	4
248	99901248	99901279	1990537056	1990537071	47	27	28	1
249	99899392	99900415	69981513	69981513	47	22	32	1
250	1392508928	1409286143	1990537080	1990537083	6	8	30	20
251	1389989888	1389993983	69984256	69992447	17	20	19	2
252	1389989888	1389993983	69959680	69976063	6	20	18	4
253	1389989760	1389989887	1990537080	1990537083	47	25	30	1
254	1390411776	1392508927	1990537024	1990537055	6	11	27	1
255	1389989712	1389989727	1990537024	1990537055	47	28	27	1
256	1389993984	1390002175	69984256	69992447	6	19	19	2
257	1389989697	1389989697	69976064	69980159	6	32	20	1
258	1073741824	2147483647	69982208	69984255	17	2	21	20
259	0	4294967295	3212122112	3212122623	17	0	23	29
260	0	4294967295	3382512640	3382513151	17	0	23	30
261	3559818496	3559818751	3382513564	3382513567	47	24	30	1
262	1389989376	1389989631	1990537080	1990537083	47	24	30	1
263	3489660928	3556769791	3382513560	3382513561	6	6	31	12
264	3559817216	3559818239	3382575104	3382706175	6	22	15	5
265	1389987840	1389988863	69730304	69861375	6	22	15	2
266	3559818368	3559818495	3382513536	3382513551	1	25	28	6
267	2749028288	2749028319	3212122816	3212122847	47	27	27	1
268	2749022208	2749026303	3212148736	3212181503	6	20	17	2
269	1389989888	1389993983	69926912	69959679	6	20	17	3
270	2147483648	4294967295	1990533120	1990535167	17	1	21	18
271	268435456	536870911	69981513	69981513	6	4	32	37
272	99901312	99901439	69981504	69981511	47	25	29	1
273	99901296	99901299	69981696	69982207	1	30	23	2
274	1392508928	1409286143	1990537080	1990537083	17	8	30	13
275	1392508928	1409286143	1990537072	1990537079	6	8	29	14
276	1392508928	1409286143	1990537072	1990537079	17	8	29	12
277	1389989888	1389993983	69959680	69976063	17	20	18	3
278	1389987840	1389988863	69981516	69981519	6	22	30	2
279	1390002176	1390018559	69984256	69992447	6	18	19	1
280	1389993984	1390002175	69984256	69992447	17	19	19	2
281	1389993984	1390002175	69959680	69976063	6	19	18	2
282	1389985792	1389987839	1990459392	1990524927	6	21	16	3
283	1389989697	1389989697	69976064	69980159	17	32	20	1
284	1073741824	2147483647	69981513	69981513	6	2	32	43
285	0	4294967295	3212123136	3212124159	17	0	22	19
286	0	4294967295	3382511616	3382512639	17	0	22	25
287	3489660928	3556769791	3382513560	3382513561	17	6	31	4
288	3559825408	3559833599	3212148736	3212181503	6	19	17	11
289	1389993984	1390002175	69926912	69959679	6	19	17	5
290	3559817216	3559818239	3382575104	3382706175	17	22	15	2
291	1389987840	1389988863	1990590464	1990721535	17	22	15	2
292	1389987840	1389988863	69730304	69861375	17	22	15	2
293	3559818368	3559818495	3382513536	3382513551	47	25	28	1
294	2684354560	2717908991	3382513552	3382513559	6	7	29	23
295	2684354560	2717908991	3382513552	3382513559	17	7	29	26
296	2749028326	2749028327	3212122860	3212122863	0	31	30	1
297	2749022208	2749026303	3382444032	3382509567	6	20	16	10
298	2749022208	2749026303	3212050432	3212115967	6	20	16	3
299	1389989888	1389993983	69861376	69926911	6	20	16	8
300	1389989888	1389993983	1990459392	1990524927	6	20	16	3
301	2147483648	4294967295	1990537087	1990537087	6	1	32	44
302	0	2147483647	3212122858	3212122858	6	1	32	28
303	2147483648	4294967295	3382513563	3382513563	6	1	32	1
304	0	2147483647	3212122858	3212122858	17	1	32	17
305	268435456	536870911	1990537086	1990537086	6	4	32	26
306	99901280	99901295	1990537088	1990537215	47	28	25	1
307	99901300	99901300	536870912	1073741823	6	32	3	20
308	99901301	99901301	1990537072	1990537079	0	32	29	1
309	99901301	99901301	1990524928	1990533119	6	32	19	1
310	99901296	99901299	69981696	69982207	47	30	23	1
311	134217728	268435455	1990537084	1990537085	6	5	31	46
312	536870912	1073741823	1990537087	1990537087	6	3	32	6
313	1389989888	1389993983	69926912	69959679	17	20	17	2
314	1389989632	1389989695	1990536960	1990537023	1	26	26	2
315	1390002176	1390018559	69984256	69992447	17	18	19	2
316	1390002176	1390018559	69959680	69976063	6	18	18	7
317	1389993984	1390002175	69959680	69976063	17	19	18	1
318	1389985792	1389987839	1990459392	1990524927	17	21	16	2
319	1389985792	1389987839	1990537080	1990537083	6	21	30	3
320	0	4294967295	3382509568	3382511615	17	0	21	15
321	3559825408	3559833599	3212148736	3212181503	17	19	17	5
322	1389993984	1390002175	69926912	69959679	17	19	17	3
323	3559818304	3559818335	3382513408	3382513535	47	27	25	1
324	2749028288	2749028319	3382513563	3382513563	0	27	32	1
325	2749022208	2749026303	3382444032	3382509567	17	20	16	3
326	1389989888	1389993983	69861376	69926911	17	20	16	5
327	1389989888	1389993983	1990459392	1990524927	17	20	16	3
328	2952790016	3221225471	3382513560	3382513561	6	4	31	35
329	268435456	536870911	1990537084	1990537085	6	4	31	62
330	2147483648	4294967295	3382513563	3382513563	17	1	32	1
331	99901301	99901301	1990524928	1990533119	17	32	19	1
332	99901302	99901303	69976064	69980159	17	31	20	1
333	99901302	99901303	69981504	69981511	0	31	29	1
334	99901304	99901311	69981514	69981515	0	29	31	1
335	536870912	1073741823	1990537087	1990537087	17	3	32	4
336	1390149632	1390411775	1990533120	1990535167	6	14	21	2
337	1390018560	1390149631	1990533120	1990535167	17	15	21	1
338	1390018560	1390149631	69976064	69980159	6	15	20	1
339	1389989888	1389993983	1990590464	1990721535	6	20	15	7
340	1389987840	1389988863	1990537056	1990537071	6	22	28	1
341	1409286144	1476395007	1990537072	1990537079	6	6	29	37
342	1390002176	1390018559	69959680	69976063	17	18	18	2
343	1389989700	1389989703	1990537216	1990541311	6	30	20	2
344	0	4294967295	3382513563	3382513563	6	0	32	30
345	1610612736	2147483647	69981512	69981512	6	3	32	54
346	3590324224	3623878655	3382513568	3382513599	6	7	27	16
347	1342177280	1375731711	1990537024	1990537055	6	7	27	31
348	3559818496	3559818751	3382513568	3382513599	1	24	27	1
349	2749028328	2749028335	3212122860	3212122863	0	29	30	1
350	2147483648	2684354559	3382513560	3382513561	6	3	31	57
351	2749028224	2749028287	3212122858	3212122858	0	26	32	1
352	99901184	99901247	1990537087	1990537087	0	26	32	1
353	2952790016	3221225471	3212122860	3212122863	6	4	30	62
354	1073741824	1342177279	1990537080	1990537083	6	4	30	55
355	99901248	99901279	100663296	134217727	6	27	7	5
356	99901248	99901279	100663296	134217727	17	27	7	1
357	1392508928	1409286143	1990536960	1990537023	6	8	26	6
358	1390149632	1390411775	1990533120	1990535167	17	14	21	1
359	1389989888	1389993983	1990590464	1990721535	17	20	15	3
360	1389987840	1389988863	1990537072	1990537079	47	22	29	1
361	1389989632	1389989695	1990537088	1990537215	47	26	25	1
362	1389989700	1389989703	1990537216	1990541311	17	30	20	1
363	3590324224	3623878655	3382513568	3382513599	17	7	27	11
364	3559825408	3559833599	3211788288	3212050431	6	19	14	8
365	3559818240	3559818303	3382513562	3382513562	0	26	32	1
366	1389989632	1389989695	1990537086	1990537086	0	26	32	1
367	3623878656	3758096383	3382513536	3382513551	6	5	28	51
368	2818572288	2952790015	3212122864	3212122879	6	5	28	25
369	3221225472	3489660927	3382513552	3382513559	6	4	29	23
370	3758096384	4294967295	3382513564	3382513567	6	3	30	61
371	1610612736	2147483647	1990537080	1990537083	6	3	30	30
372	1610612736	2147483647	1990537080	1990537083	17	3	30	22
373	99901248	99901279	0	67108863	6	27	6	5
374	99901296	99901299	536870912	1073741823	6	30	3	13
375	99901296	99901299	1073741824	1610612735	6	30	3	6
376	99901296	99901299	1990541312	1990557695	6	30	18	2
377	99901304	99901311	69984256	69992447	6	29	19	1
378	1390018560	1390149631	69984256	69992447	17	15	19	1
379	1390018560	1390149631	69959680	69976063	6	15	18	5
380	1389989888	1389993983	1990537056	1990537071	6	20	28	1
381	1389987840	1389988863	69981440	69981503	6	22	26	2
382	1389987840	1389988863	1990536960	1990537023	6	22	26	1
383	1389989632	1389989695	1990535168	1990536191	6	26	22	1
384	1389989698	1389989699	1990557696	1990590463	6	31	17	2
385	1390002176	1390018559	1990537080	1990537083	6	18	30	1
386	1389993984	1390002175	1990537072	1990537079	6	19	29	1
387	1389989704	1389989711	1990537072	1990537079	0	29	29	1
388	0	2147483647	3212122859	3212122859	6	1	32	40
389	0	2147483647	3212122859	3212122859	17	1	32	36
390	3559825408	3559833599	3211788288	3212050431	17	19	14	6
391	3559849984	3559915519	3212050432	3212115967	6	16	16	5
392	3559818368	3559818495	3382513562	3382513562	0	25	32	1
393	3221225472	3489660927	3382513552	3382513559	17	4	29	13
394	3559818356	3559818359	2147483648	3221225471	6	30	2	4
395	99901296	99901299	1073741824	2147483647	6	30	2	17
396	2749022208	2749026303	3210739712	3211788287	6	20	12	10
397	99901248	99901279	134217728	268435455	6	27	5	5
398	99901248	99901279	0	67108863	17	27	6	3
399	99901296	99901299	1990541312	1990557695	17	30	18	1
400	99901440	99909631	1990721536	1991245823	6	19	13	8
401	99901440	99909631	69206016	69730303	6	19	13	8
402	99901304	99901311	69984256	69992447	17	29	19	1
403	536870912	1073741823	1990537072	1990537079	6	3	29	73
404	536870912	1073741823	69981504	69981511	6	3	29	52
405	1392508928	1409286143	1990536704	1990536959	6	8	24	1
406	1390018560	1390149631	69959680	69976063	17	15	18	3
407	1389987840	1389988863	69981440	69981503	17	22	26	1
408	1389989698	1389989699	1990557696	1990590463	17	31	17	1
409	1390002176	1390018559	1990537080	1990537083	17	18	30	1
410	1389993984	1390002175	1990537072	1990537079	17	19	29	1
411	1476395008	1610612735	69981536	69981567	6	5	27	46
412	1389985792	1389987839	1988100096	1990197247	6	21	11	4
413	1073741824	2147483647	69981516	69981519	6	2	30	77
414	1389989728	1389989759	1990537080	1990537083	0	27	30	1
415	0	2147483647	3212122856	3212122857	6	1	31	52
416	3559849984	3559915519	3212050432	3212115967	17	16	16	3
417	3559818360	3559818367	2147483648	3221225471	6	29	2	3
418	3559818336	3559818351	3382513536	3382513551	0	28	28	1
419	3758096384	4294967295	3382513536	3382513551	6	3	28	65
420	2749028320	2749028323	3382444032	3382509567	6	30	16	1
421	2749028320	2749028323	2147483648	4294967295	6	30	1	3
422	2749022208	2749026303	3210739712	3211788287	17	20	12	4
423	99909632	99942399	69992448	70254591	6	17	14	7
424	1389953024	1389985791	1990197248	1990459391	6	17	14	16
425	99901280	99901295	1073741824	1610612735	6	28	3	16
426	99901312	99901439	1990537084	1990537085	0	25	31	1
427	99901248	99901279	268435456	536870911	6	27	4	6
428	99901440	99909631	1990721536	1991245823	17	19	13	5
429	99901440	99909631	69206016	69730303	17	19	13	5
430	99901440	99909631	1991245824	1992294399	6	19	12	9
431	99901440	99909631	70254592	71303167	6	19	12	8
432	1610612736	2147483647	1990537072	1990537079	17	3	29	2
433	1392508928	1409286143	1990536704	1990536959	17	8	24	2
434	1389985792	1389987839	1988100096	1990197247	17	21	11	8
435	1073741824	2147483647	69981504	69981511	6	2	29	5
436	0	4294967295	3382513560	3382513561	6	0	31	66
437	3221225472	4294967295	3212122864	3212122879	6	2	28	71
438	2749028320	2749028323	3382444032	3382509567	17	30	16	1
439	2749028224	2749028287	2684354560	2952790015	6	26	4	14
440	2749028336	2749028351	2147483648	3221225471	6	28	2	15
441	99909632	99942399	69992448	70254591	17	17	14	9
442	1389953024	1389985791	1990197248	1990459391	17	17	14	3
443	99901248	99901279	1990537056	1990537071	0	27	28	1
444	99901440	99909631	1991245824	1992294399	17	19	12	5
445	99901440	99909631	70254592	71303167	17	19	12	8
446	1389989760	1389989887	1990537080	1990537083	0	25	30	1
447	1389989712	1389989727	1990537024	1990537055	0	28	27	1
448	1073741824	2147483647	69981504	69981511	17	2	29	3
449	0	4294967295	3382513564	3382513567	6	0	30	76
450	0	4294967295	69981516	69981519	6	0	30	49
451	0	2147483647	3212122848	3212122855	6	1	29	76
452	1610612736	2147483647	1990537024	1990537055	6	3	27	27
453	3559818496	3559818751	3382513564	3382513567	0	24	30	1
454	1389989376	1389989631	1990537080	1990537083	0	24	30	1
455	3221225472	4294967295	3212122816	3212122847	6	2	27	27
456	2749027840	2749028095	2952790016	3087007743	17	24	5	10
457	2147483648	2684354559	3382513600	3382513663	6	3	26	67
458	1610612736	2147483647	69981440	69981503	6	3	26	51
459	2749028288	2749028319	3212122816	3212122847	0	27	27	1
460	2147483648	4294967295	1990537056	1990537071	6	1	28	80
461	99901312	99901439	69981504	69981511	0	25	29	1
462	99901248	99901279	0	1073741823	6	27	2	4
463	0	4294967295	3382513552	3382513559	6	0	29	83
464	3559818368	3559818495	2147483648	2684354559	6	25	3	8
465	3559818368	3559818495	3382513536	3382513551	0	25	28	1
466	2147483648	4294967295	1990537024	1990537055	6	1	27	56
467	0	2147483647	3212122816	3212122847	6	1	27	51
468	99901184	99901247	0	1073741823	6	26	2	15
469	0	4294967295	69981520	69981535	6	0	28	83
470	3559818752	3559819263	3489660928	3758096383	17	23	4	7
471	3559818304	3559818335	3382513408	3382513535	0	27	25	1
472	2749028224	2749028287	3212050432	3212115967	6	26	16	1
473	2749028224	2749028287	2147483648	4294967295	6	26	1	3
474	2147483648	4294967295	1990536960	1990537023	6	1	26	54
475	0	2147483647	3212122752	3212122815	6	1	26	57
476	1073741824	2147483647	69981568	69981695	6	2	25	55
477	0	4294967295	3382513568	3382513599	6	0	27	61
478	0	4294967295	69981536	69981567	6	0	27	58
479	1610612736	2147483647	1990536704	1990536959	6	3	24	37
480	1610612736	2147483647	1990536704	1990536959	17	3	24	25
481	2749027840	2749028095	2147483648	3221225471	6	24	2	4
482	99900928	99901183	0	1073741823	6	24	2	11
483	2749028096	2749028223	3382444032	3382509567	6	25	16	1
484	2749028096	2749028223	3212148736	3212181503	17	25	17	1
485	2749028096	2749028223	2147483648	4294967295	6	25	1	11
486	1073741824	2147483647	69981184	69981439	6	2	24	46
487	0	4294967295	69981440	69981503	6	0	26	42
488	0	2147483647	3212122624	3212122751	6	1	25	54
489	1610612736	2147483647	1990536192	1990536703	6	3	23	37
490	3559817216	3559818239	2147483648	2684354559	17	22	3	2
491	2749027840	2749028095	2147483648	3221225471	17	24	2	2
492	2749028096	2749028223	3382444032	3382509567	17	25	16	1
493	2749028096	2749028223	3212050432	3212115967	17	25	16	1
494	2749028096	2749028223	3212181504	3212312575	6	25	15	1
495	0	4294967295	3382513408	3382513535	6	0	25	42
496	99899392	99900415	536870912	1073741823	17	22	3	5
497	3559818752	3559819263	2147483648	3221225471	17	23	2	1
498	2749027328	2749027839	2147483648	4294967295	6	23	1	8
499	1073741824	2147483647	69980160	69981183	6	2	22	28
500	0	4294967295	3212122880	3212123135	6	0	24	46
501	0	4294967295	3382513152	3382513407	6	0	24	51
502	2147483648	4294967295	1990535168	1990536191	6	1	22	12
503	2147483648	4294967295	1990535168	1990536191	17	1	22	11
504	536870912	1073741823	69976064	69980159	6	3	20	6
505	1389993984	1390002175	69976064	69980159	17	19	20	1
506	1073741824	2147483647	69982208	69984255	6	2	21	25
507	0	4294967295	3212122112	3212122623	6	0	23	31
508	0	4294967295	3382512640	3382513151	6	0	23	42
509	3489660928	3556769791	3382513563	3382513563	47	6	32	1
510	1389987840	1389988863	1990590464	1990721535	6	22	15	1
511	2749026304	2749027327	2147483648	4294967295	17	22	1	3
512	2147483648	4294967295	1990533120	1990535167	6	1	21	21
513	536870912	1073741823	69976064	69980159	17	3	20	1
514	1073741824	2147483647	69976064	69980159	6	2	20	17
515	0	4294967295	3212123136	3212124159	6	0	22	27
516	0	4294967295	3382511616	3382512639	6	0	22	29
517	2818572288	2952790015	3382513563	3382513563	1	5	32	1
518	2818572288	2952790015	3382513563	3382513563	47	5	32	1
519	2749022208	2749026303	3212148736	3212181503	17	20	17	1
520	1073741824	2147483647	69984256	69992447	6	2	19	4
521	1073741824	2147483647	69976064	69980159	17	2	20	9
522	0	4294967295	3212120064	3212122111	6	0	21	22
523	0	4294967295	3382509568	3382511615	6	0	21	30
524	2749028325	2749028325	2147483648	2684354559	6	32	3	1
525	99901300	99901300	536870912	1073741823	1	32	3	6
526	2147483648	4294967295	1990537087	1990537087	1	1	32	1
527	1073741824	2147483647	69959680	69976063	6	2	18	2
528	1073741824	2147483647	69984256	69992447	17	2	19	1
529	1073741824	2147483647	69981513	69981513	47	2	32	1
530	0	4294967295	3212115968	3212120063	6	0	20	17
531	0	4294967295	3382513664	3382517759	6	0	20	24
532	0	4294967295	3212120064	3212122111	17	0	21	17
533	2749028325	2749028325	2147483648	2684354559	1	32	3	1
534	99901300	99901300	536870912	1073741823	47	32	3	1
535	268435456	536870911	1990537084	1990537085	1	4	31	2
536	2147483648	4294967295	1990537087	1990537087	47	1	32	1
537	1073741824	2147483647	69959680	69976063	17	2	18	1
538	0	4294967295	3212124160	3212132351	6	0	19	6
539	0	4294967295	3382517760	3382525951	6	0	19	18
540	0	4294967295	3212115968	3212120063	17	0	20	10
541	0	4294967295	3382513664	3382517759	17	0	20	15
542	0	4294967295	3382517760	3382525951	17	0	19	13
543	1610612736	2147483647	69981512	69981512	1	3	32	2
544	2147483648	4294967295	3212132352	3212148735	6	1	18	2
545	3559818240	3559818303	3355443200	3372220415	6	26	8	2
546	3559818240	3559818303	3355443200	3372220415	1	26	8	4
547	2147483648	2684354559	3382513560	3382513561	1	3	31	1
548	99901248	99901279	100663296	134217727	1	27	7	6
549	0	4294967295	3212132352	3212148735	6	0	18	3
550	0	4294967295	3382525952	3382542335	6	0	18	15
551	0	4294967295	3212124160	3212132351	17	0	19	3
552	2147483648	4294967295	3382542336	3382575103	6	1	17	3
553	3559818240	3559818303	3355443200	3372220415	47	26	8	1
554	3758096384	4294967295	3382513564	3382513567	1	3	30	1
555	2952790016	3221225471	3212122860	3212122863	1	4	30	1
556	2952790016	3221225471	3212122860	3212122863	47	4	30	1
557	99901248	99901279	100663296	134217727	47	27	7	1
558	99901248	99901279	0	67108863	1	27	6	6
559	99901296	99901299	536870912	1073741823	1	30	3	5
560	99901296	99901299	1073741824	1610612735	1	30	3	6
561	1073741824	2147483647	69861376	69926911	17	2	16	1
562	0	4294967295	3212132352	3212148735	17	0	18	2
563	0	4294967295	3382525952	3382542335	17	0	18	4
564	0	4294967295	3382542336	3382575103	6	0	17	3
565	3559818356	3559818359	2147483648	3221225471	1	30	2	2
566	99901296	99901299	1073741824	2147483647	1	30	2	6
567	99901248	99901279	134217728	268435455	1	27	5	6
568	99901248	99901279	0	67108863	47	27	6	1
569	99901296	99901299	536870912	1073741823	47	30	3	1
570	99901296	99901299	1073741824	1610612735	47	30	3	1
571	536870912	1073741823	1990537072	1990537079	1	3	29	2
572	536870912	1073741823	69981504	69981511	1	3	29	2
573	1476395008	1610612735	69981536	69981567	1	5	27	1
574	1073741824	2147483647	69981516	69981519	1	2	30	3
575	0	4294967295	3382542336	3382575103	17	0	17	2
576	3559818240	3559818303	3221225472	3355443199	6	26	5	2
577	3559818360	3559818367	2147483648	3221225471	1	29	2	5
578	3559818336	3559818351	3758096384	4294967295	6	28	3	2
579	3559818336	3559818351	3758096384	4294967295	1	28	3	4
580	99901280	99901295	1073741824	1610612735	1	28	3	6
581	3559818356	3559818359	2147483648	3221225471	47	30	2	1
582	99901296	99901299	1073741824	2147483647	47	30	2	1
583	2749028320	2749028323	2147483648	4294967295	1	30	1	2
584	99901248	99901279	134217728	268435455	47	27	5	1
585	99901248	99901279	268435456	536870911	1	27	4	6
586	536870912	1073741823	69981504	69981511	47	3	29	1
587	1389985792	1389987839	1988100096	1990197247	47	21	11	1
588	1073741824	2147483647	69981516	69981519	47	2	30	1
589	0	2147483647	3212122856	3212122857	47	1	31	1
590	3559818240	3559818303	3221225472	3355443199	1	26	5	1
591	3559818240	3559818303	3221225472	3355443199	47	26	5	1
592	3559818360	3559818367	2147483648	3221225471	47	29	2	1
593	3559818336	3559818351	3758096384	4294967295	47	28	3	1
594	99901280	99901295	1073741824	1610612735	47	28	3	1
595	2749028320	2749028323	2147483648	4294967295	47	30	1	1
596	2749028224	2749028287	2684354560	2952790015	1	26	4	6
597	2749028336	2749028351	2147483648	3221225471	1	28	2	6
598	99901248	99901279	268435456	536870911	47	27	4	1
599	0	4294967295	3382513560	3382513561	47	0	31	1
600	0	4294967295	3382513560	3382513561	1	0	31	1
601	3221225472	4294967295	3212122864	3212122879	47	2	28	1
602	2749027840	2749028095	2952790016	3087007743	6	24	5	6
603	2749027840	2749028095	2952790016	3087007743	1	24	5	6
604	2749028224	2749028287	2684354560	2952790015	47	26	4	1
605	2749028336	2749028351	2147483648	3221225471	47	28	2	1
606	99901248	99901279	0	1073741823	1	27	2	2
607	0	4294967295	3382513552	3382513559	1	0	29	2
608	3559818368	3559818495	2147483648	2684354559	1	25	3	5
609	2749027840	2749028095	2952790016	3087007743	47	24	5	1
610	2147483648	2684354559	3382513600	3382513663	47	3	26	1
611	1610612736	2147483647	69981440	69981503	47	3	26	1
612	99901248	99901279	0	1073741823	47	27	2	1
613	99901184	99901247	0	1073741823	1	26	2	6
614	3559818496	3559818751	2147483648	2684354559	6	24	3	4
615	3559818496	3559818751	2147483648	2684354559	1	24	3	5
616	3559818752	3559819263	3489660928	3758096383	6	23	4	5
617	3559818752	3559819263	3489660928	3758096383	1	23	4	6
618	3559849984	3559915519	3382706176	3384803327	6	16	11	1
619	3559849984	3559915519	3382706176	3384803327	1	16	11	3
620	3559818368	3559818495	2147483648	2684354559	47	25	3	1
621	2749028325	2749028325	2147483648	2684354559	0	32	3	1
622	99901300	99901300	536870912	1073741823	0	32	3	1
623	2749028224	2749028287	2147483648	4294967295	1	26	1	4
624	0	2147483647	3212122752	3212122815	1	1	26	1
625	99901184	99901247	0	1073741823	47	26	2	1
626	3559818496	3559818751	2147483648	2684354559	47	24	3	1
627	3559821312	3559825407	3087007744	3154116607	6	20	6	2
628	3559821312	3559825407	3087007744	3154116607	1	20	6	6
629	3559818752	3559819263	3489660928	3758096383	47	23	4	1
630	3559849984	3559915519	3382706176	3384803327	47	16	11	1
631	2749027840	2749028095	2147483648	3221225471	1	24	2	5
632	99900928	99901183	0	1073741823	1	24	2	6
633	2749028224	2749028287	2147483648	4294967295	47	26	1	1
634	2749028096	2749028223	2147483648	4294967295	1	25	1	6
635	3559821312	3559825407	3087007744	3154116607	47	20	6	1
636	3559825408	3559833599	3087007744	3154116607	6	19	6	2
637	3559825408	3559833599	3087007744	3154116607	1	19	6	3
638	99901440	99909631	1879048192	1946157055	6	19	6	4
639	99901440	99909631	1879048192	1946157055	1	19	6	6
640	3559817216	3559818239	2147483648	2684354559	6	22	3	6
641	3559817216	3559818239	2147483648	2684354559	1	22	3	5
642	99899392	99900415	536870912	1073741823	6	22	3	4
643	99899392	99900415	536870912	1073741823	1	22	3	6
644	3559818752	3559819263	2147483648	3221225471	1	23	2	4
645	3559818752	3559819263	2147483648	3221225471	6	23	2	1
646	99900416	99900927	1073741824	2147483647	6	23	2	6
647	99900416	99900927	1073741824	2147483647	1	23	2	6
648	3559818240	3559818303	3355443200	3372220415	0	26	8	1
649	2749027840	2749028095	2147483648	3221225471	47	24	2	1
650	99900928	99901183	0	1073741823	47	24	2	1
651	2749028352	2749030399	3489660928	3758096383	6	21	4	2
652	2749028352	2749030399	3489660928	3758096383	1	21	4	6
653	99897344	99899391	268435456	536870911	6	21	4	6
654	99897344	99899391	268435456	536870911	1	21	4	6
655	1389985792	1389987839	1610612736	1879048191	6	21	4	4
656	1389985792	1389987839	1610612736	1879048191	1	21	4	6
657	2749028096	2749028223	2147483648	4294967295	47	25	1	1
658	99901248	99901279	100663296	134217727	0	27	7	1
659	99893248	99897343	134217728	268435455	6	20	5	6
660	99893248	99897343	134217728	268435455	1	20	5	5
661	1073741824	2147483647	69981184	69981439	47	2	24	1
662	0	4294967295	3384803328	3388997631	17	0	10	1
663	0	2147483647	3212122624	3212122751	47	1	25	1
664	3559833600	3559849983	3422552064	3489660927	6	18	6	5
665	3559833600	3559849983	3422552064	3489660927	1	18	6	6
666	3559825408	3559833599	3087007744	3154116607	47	19	6	1
667	99901440	99909631	1879048192	1946157055	47	19	6	1
668	3559817216	3559818239	2147483648	2684354559	47	22	3	1
669	99899392	99900415	536870912	1073741823	47	22	3	1
670	3559818752	3559819263	2147483648	3221225471	47	23	2	1
671	99900416	99900927	1073741824	2147483647	47	23	2	1
672	3559849984	3559915519	3355443200	3372220415	6	16	8	3
673	3559849984	3559915519	3355443200	3372220415	1	16	8	3
674	99942400	100007935	1996488704	2013265919	1	16	8	5
675	99942400	100007935	1996488704	2013265919	6	16	8	5
676	2749028352	2749030399	3489660928	3758096383	47	21	4	1
677	99897344	99899391	268435456	536870911	47	21	4	1
678	1389985792	1389987839	1610612736	1879048191	47	21	4	1
679	2748317696	2748841983	3208642560	3210739711	6	13	11	1
680	2748317696	2748841983	3208642560	3210739711	1	13	11	3
681	100139008	100663295	67108864	69206015	6	13	11	1
682	100139008	100663295	67108864	69206015	1	13	11	3
683	2749027328	2749027839	2147483648	4294967295	1	23	1	6
684	0	67108863	0	1073741823	6	6	2	4
685	99901248	99901279	0	67108863	0	27	6	1
686	99901296	99901299	536870912	1073741823	0	30	3	1
687	99901296	99901299	1073741824	1610612735	0	30	3	1
688	99893248	99897343	134217728	268435455	47	20	5	1
689	0	4294967295	3212122880	3212123135	1	0	24	1
690	0	4294967295	3382513408	3382513535	47	0	25	1
691	3559833600	3559849983	3422552064	3489660927	47	18	6	1
692	3559849984	3559915519	3154116608	3187671039	6	16	7	3
693	3559849984	3559915519	3154116608	3187671039	1	16	7	3
694	3559849984	3559915519	3355443200	3372220415	47	16	8	1
695	99942400	100007935	1996488704	2013265919	47	16	8	1
696	3559819264	3559821311	2147483648	3221225471	6	21	2	4
697	3559819264	3559821311	2147483648	3221225471	1	21	2	6
698	3221225472	3489660927	3758096384	4294967295	6	4	3	44
699	3559818356	3559818359	2147483648	3221225471	0	30	2	1
700	99901296	99901299	1073741824	2147483647	0	30	2	1
701	2749026304	2749027327	2147483648	4294967295	6	22	1	6
702	2749026304	2749027327	2147483648	4294967295	1	22	1	6
703	2748317696	2748841983	3208642560	3210739711	47	13	11	1
704	100139008	100663295	67108864	69206015	47	13	11	1
705	2749027328	2749027839	2147483648	4294967295	47	23	1	1
706	0	67108863	0	1073741823	17	6	2	1
707	99901248	99901279	134217728	268435455	0	27	5	1
708	1389985792	1389987839	1988100096	1990197247	0	21	11	1
709	0	4294967295	3212122880	3212123135	47	0	24	1
710	3559821312	3559825407	2147483648	3221225471	6	20	2	4
711	3559821312	3559825407	2147483648	3221225471	1	20	2	5
712	3559849984	3559915519	3154116608	3187671039	47	16	7	1
713	3559849984	3559915519	3422552064	3489660927	6	16	6	1
714	3559819264	3559821311	2147483648	3221225471	47	21	2	1
715	3559818240	3559818303	3221225472	3355443199	0	26	5	1
716	3221225472	3489660927	3758096384	4294967295	17	4	3	35
717	2748973056	2749005823	3221225472	3355443199	6	17	5	5
718	2748973056	2749005823	3221225472	3355443199	1	17	5	6
719	99909632	99942399	2013265920	2147483647	1	17	5	6
720	99909632	99942399	2013265920	2147483647	6	17	5	4
721	1389953024	1389985791	2013265920	2147483647	6	17	5	3
722	1389953024	1389985791	2013265920	2147483647	1	17	5	5
723	2749104128	2749366271	3187671040	3204448255	6	14	8	2
724	2749104128	2749366271	3187671040	3204448255	1	14	8	1
725	2749026304	2749027327	2147483648	4294967295	47	22	1	1
726	2749028352	2749030399	2147483648	4294967295	1	21	1	3
727	2749028352	2749030399	2147483648	4294967295	6	21	1	1
728	2749028320	2749028323	2147483648	4294967295	0	30	1	1
729	100007936	100139007	1946157056	1979711487	6	15	7	3
730	100007936	100139007	1946157056	1979711487	1	15	7	6
731	99901280	99901295	1073741824	1610612735	0	28	3	1
732	99901248	99901279	268435456	536870911	0	27	4	1
733	99901440	99909631	536870912	1073741823	6	19	3	1
734	99901440	99909631	536870912	1073741823	1	19	3	4
735	100139008	100663295	1979711488	1988100095	6	13	9	4
736	100139008	100663295	1979711488	1988100095	1	13	9	5
737	2147483648	4294967295	3212115968	3212120063	6	1	20	1
738	3559821312	3559825407	2147483648	3221225471	47	20	2	1
739	3559825408	3559833599	2147483648	3221225471	6	19	2	5
740	3559825408	3559833599	2147483648	3221225471	1	19	2	6
741	2749030400	2749038591	2147483648	3221225471	6	19	2	6
742	2749030400	2749038591	2147483648	3221225471	1	19	2	6
743	2749005824	2749022207	2147483648	2684354559	1	18	3	6
744	2749005824	2749022207	2147483648	2684354559	6	18	3	4
745	2748973056	2749005823	3221225472	3355443199	47	17	5	1
746	99909632	99942399	2013265920	2147483647	47	17	5	1
747	1389953024	1389985791	2013265920	2147483647	47	17	5	1
748	2749104128	2749366271	3187671040	3204448255	47	14	8	1
749	2749028352	2749030399	2147483648	4294967295	47	21	1	1
750	2749022208	2749026303	2147483648	4294967295	6	20	1	5
751	2749022208	2749026303	2147483648	4294967295	1	20	1	6
752	1389989888	1389993983	0	2147483647	6	20	1	4
753	1389989888	1389993983	0	2147483647	1	20	1	5
754	2749028224	2749028287	2684354560	2952790015	0	26	4	1
755	2749028336	2749028351	2147483648	3221225471	0	28	2	1
756	2147483648	4294967295	1990533120	1990535167	47	1	21	1
757	100007936	100139007	1946157056	1979711487	47	15	7	1
758	99942400	100007935	2013265920	2147483647	6	16	5	1
759	99901440	99909631	536870912	1073741823	47	19	3	1
760	100139008	100663295	1979711488	1988100095	47	13	9	1
761	1389953024	1389985791	1610612736	1879048191	6	17	4	2
762	0	4294967295	3212123136	3212124159	47	0	22	1
763	0	4294967295	3382511616	3382512639	47	0	22	1
764	2147483648	4294967295	3212124160	3212132351	6	1	19	1
765	2147483648	4294967295	3212115968	3212120063	17	1	20	1
766	3559653376	3559784447	3221225472	3355443199	6	15	5	4
767	3559653376	3559784447	3221225472	3355443199	1	15	5	5
768	3559825408	3559833599	2147483648	3221225471	47	19	2	1
769	2749030400	2749038591	2147483648	3221225471	47	19	2	1
770	3558866944	3559391231	3388997632	3422552063	6	13	7	3
771	3558866944	3559391231	3388997632	3422552063	1	13	7	6
772	3559784448	3559817215	3758096384	4294967295	6	17	3	5
773	3559784448	3559817215	3758096384	4294967295	1	17	3	6
774	3221225472	4294967295	2147483648	3221225471	6	2	2	53
775	2749005824	2749022207	2147483648	2684354559	47	18	3	1
776	2749027840	2749028095	2952790016	3087007743	0	24	5	1
777	2749022208	2749026303	2147483648	4294967295	47	20	1	1
778	1389989888	1389993983	0	2147483647	47	20	1	1
779	2147483648	4294967295	1990537056	1990537071	0	1	28	1
780	96468992	98566143	75497472	83886079	6	11	9	1
781	96468992	98566143	75497472	83886079	1	11	9	5
782	99876864	99893247	1073741824	2147483647	6	18	2	6
783	99876864	99893247	1073741824	2147483647	1	18	2	5
784	99942400	100007935	2013265920	2147483647	47	16	5	1
785	99942400	100007935	2013265920	2147483647	1	16	5	1
786	99901248	99901279	0	1073741823	0	27	2	1
787	1384120320	1388314623	1992294400	1996488703	1	10	10	4
788	1384120320	1388314623	1992294400	1996488703	6	10	10	3
789	1389953024	1389985791	1610612736	1879048191	47	17	4	1
790	1389953024	1389985791	1610612736	1879048191	1	17	4	1
791	1389887488	1389953023	1610612736	1879048191	6	16	4	5
792	1389887488	1389953023	1610612736	1879048191	1	16	4	5
793	1389993984	1390002175	0	2147483647	1	19	1	6
794	1389993984	1390002175	0	2147483647	6	19	1	5
795	2147483648	4294967295	3382525952	3382542335	6	1	18	1
796	2147483648	4294967295	3212124160	3212132351	17	1	19	1
797	3559915520	3560964095	3388997632	3422552063	6	12	7	1
798	3559915520	3560964095	3154116608	3187671039	6	12	7	3
799	3559915520	3560964095	3154116608	3187671039	1	12	7	6
800	98566144	99614719	1946157056	1979711487	6	12	7	4
801	98566144	99614719	1946157056	1979711487	1	12	7	5
802	3559653376	3559784447	3221225472	3355443199	47	15	5	1
803	3559391232	3559653375	3221225472	3355443199	6	14	5	3
804	3559391232	3559653375	3221225472	3355443199	1	14	5	5
805	3559818368	3559818495	2147483648	2684354559	0	25	3	1
806	3558866944	3559391231	3388997632	3422552063	47	13	7	1
807	3559784448	3559817215	3758096384	4294967295	47	17	3	1
808	3221225472	4294967295	2147483648	3221225471	17	2	2	49
809	2749038592	2749104127	2147483648	2684354559	6	16	3	3
810	2749038592	2749104127	2147483648	2684354559	1	16	3	6
811	2147483648	3221225471	2147483648	4294967295	6	2	1	75
812	96468992	98566143	75497472	83886079	47	11	9	1
813	99876864	99893247	1073741824	2147483647	47	18	2	1
814	100007936	100139007	1610612736	1879048191	6	15	4	2
815	99901184	99901247	0	1073741823	0	26	2	1
816	1384120320	1388314623	1992294400	1996488703	47	10	10	1
817	1389887488	1389953023	1610612736	1879048191	47	16	4	1
818	1390002176	1390018559	0	2147483647	6	18	1	3
819	1390002176	1390018559	0	2147483647	1	18	1	6
820	1389993984	1390002175	0	2147483647	47	19	1	1
821	2147483648	4294967295	3382525952	3382542335	17	1	18	1
822	2147483648	4294967295	3212132352	3212148735	17	1	18	1
823	3559915520	3560964095	3388997632	3422552063	47	12	7	1
824	3559915520	3560964095	3154116608	3187671039	47	12	7	1
825	98566144	99614719	1946157056	1979711487	47	12	7	1
826	3559391232	3559653375	3221225472	3355443199	47	14	5	1
827	3559818496	3559818751	2147483648	2684354559	0	24	3	1
828	3556769792	3558866943	3154116608	3187671039	6	11	7	2
829	3556769792	3558866943	3154116608	3187671039	1	11	7	4
830	3559818752	3559819263	3489660928	3758096383	0	23	4	1
831	2749038592	2749104127	2147483648	2684354559	47	16	3	1
832	2749104128	2749366271	3489660928	3758096383	6	14	4	2
833	2749104128	2749366271	3489660928	3758096383	1	14	4	6
834	99614720	99876863	1610612736	1879048191	1	14	4	6
835	99614720	99876863	1610612736	1879048191	6	14	4	1
836	2749028224	2749028287	2147483648	4294967295	0	26	1	1
837	2147483648	3221225471	2147483648	4294967295	17	2	1	48
838	2147483648	4294967295	0	2147483647	6	1	1	72
839	100007936	100139007	1610612736	1879048191	47	15	4	1
840	100007936	100139007	1610612736	1879048191	1	15	4	1
841	1375731712	1384120319	1979711488	1988100095	6	9	9	1
842	1375731712	1384120319	1979711488	1988100095	1	9	9	2
843	1390002176	1390018559	0	2147483647	47	18	1	1
844	3560964096	3565158399	3388997632	3422552063	6	10	7	1
845	3560964096	3565158399	3388997632	3422552063	1	10	7	4
846	92274688	96468991	100663296	134217727	6	10	7	4
847	92274688	96468991	100663296	134217727	1	10	7	4
848	3556769792	3558866943	3154116608	3187671039	47	11	7	1
849	3559821312	3559825407	3087007744	3154116607	0	20	6	1
850	2749104128	2749366271	3489660928	3758096383	47	14	4	1
851	99614720	99876863	1610612736	1879048191	47	14	4	1
852	2749027840	2749028095	2147483648	3221225471	0	24	2	1
853	99900928	99901183	0	1073741823	0	24	2	1
854	2749028096	2749028223	2147483648	4294967295	0	25	1	1
855	2147483648	4294967295	0	2147483647	17	1	1	51
856	1375731712	1384120319	1979711488	1988100095	47	9	9	1
857	1389363200	1389887487	1610612736	1879048191	6	13	4	2
858	1389363200	1389887487	1610612736	1879048191	1	13	4	6
859	1388314624	1389363199	2013265920	2147483647	6	12	5	4
860	1388314624	1389363199	2013265920	2147483647	1	12	5	6
861	0	4294967295	2147483648	4294967295	6	0	1	12
862	0	2147483647	0	4294967295	6	1	0	67
863	3560964096	3565158399	3388997632	3422552063	47	10	7	1
864	92274688	96468991	100663296	134217727	47	10	7	1
865	3590324224	3623878655	3372220416	3380609023	6	7	9	3
866	3590324224	3623878655	3372220416	3380609023	1	7	9	6
867	3559825408	3559833599	3087007744	3154116607	0	19	6	1
868	99901440	99909631	1879048192	1946157055	0	19	6	1
869	3559817216	3559818239	2147483648	2684354559	0	22	3	1
870	99899392	99900415	536870912	1073741823	0	22	3	1
871	3559818752	3559819263	2147483648	3221225471	0	23	2	1
872	99900416	99900927	1073741824	2147483647	0	23	2	1
873	2717908992	2734686207	3187671040	3204448255	6	8	8	5
874	2717908992	2734686207	3187671040	3204448255	1	8	8	4
875	2748841984	2748973055	2147483648	4294967295	6	15	1	4
876	2748841984	2748973055	2147483648	4294967295	1	15	1	5
877	1390018560	1390149631	0	2147483647	6	15	1	4
878	1390018560	1390149631	0	2147483647	1	15	1	5
879	2749028352	2749030399	3489660928	3758096383	0	21	4	1
880	99897344	99899391	268435456	536870911	0	21	4	1
881	1389985792	1389987839	1610612736	1879048191	0	21	4	1
882	2748317696	2748841983	3758096384	4294967295	6	13	3	1
883	2748317696	2748841983	3758096384	4294967295	1	13	3	4
884	0	67108863	71303168	75497471	6	6	10	3
885	0	67108863	71303168	75497471	1	6	10	2
886	99893248	99897343	134217728	268435455	0	20	5	1
887	1389363200	1389887487	1610612736	1879048191	47	13	4	1
888	1388314624	1389363199	2013265920	2147483647	47	12	5	1
889	0	4294967295	2147483648	4294967295	17	0	1	10
890	0	4294967295	0	4294967295	6	0	0	109
891	0	2147483647	0	4294967295	17	1	0	51
892	3573547008	3590324223	3388997632	3422552063	6	8	7	1
893	3573547008	3590324223	3388997632	3422552063	1	8	7	1
894	3565158400	3573547007	3087007744	3154116607	6	9	6	2
895	3565158400	3573547007	3087007744	3154116607	1	9	6	5
896	2734686208	2743074815	3422552064	3489660927	6	9	6	3
897	2734686208	2743074815	3422552064	3489660927	1	9	6	3
898	83886080	92274687	0	67108863	6	9	6	2
899	83886080	92274687	0	67108863	1	9	6	5
900	3590324224	3623878655	3372220416	3380609023	47	7	9	1
901	3559833600	3559849983	3422552064	3489660927	0	18	6	1
902	3559849984	3559915519	3355443200	3372220415	0	16	8	1
903	99942400	100007935	1996488704	2013265919	0	16	8	1
904	2717908992	2734686207	3187671040	3204448255	47	8	8	1
905	2748841984	2748973055	2147483648	4294967295	47	15	1	1
906	1390018560	1390149631	0	2147483647	47	15	1	1
907	2748317696	2748841983	3758096384	4294967295	47	13	3	1
908	2748317696	2748841983	3208642560	3210739711	0	13	11	1
909	100139008	100663295	67108864	69206015	0	13	11	1
910	2749027328	2749027839	2147483648	4294967295	0	23	1	1
911	0	67108863	71303168	75497471	47	6	10	1
912	1390149632	1390411775	0	2147483647	6	14	1	3
913	1390149632	1390411775	0	2147483647	1	14	1	6
914	0	4294967295	0	4294967295	17	0	0	52
915	2147483648	4294967295	3382181888	3382444031	6	1	14	1
916	3573547008	3590324223	3388997632	3422552063	47	8	7	1
917	3573547008	3590324223	3087007744	3154116607	6	8	6	4
918	3573547008	3590324223	3087007744	3154116607	1	8	6	4
919	67108864	83886079	0	67108863	6	8	6	3
920	67108864	83886079	0	67108863	1	8	6	5
921	3565158400	3573547007	3087007744	3154116607	47	9	6	1
922	2734686208	2743074815	3422552064	3489660927	47	9	6	1
923	83886080	92274687	0	67108863	47	9	6	1
924	3559849984	3559915519	3154116608	3187671039	0	16	7	1
925	3559819264	3559821311	2147483648	3221225471	0	21	2	1
926	2749026304	2749027327	2147483648	4294967295	0	22	1	1
927	2749366272	2751463423	2147483648	2684354559	1	11	3	5
928	2749366272	2751463423	2147483648	2684354559	6	11	3	3
929	0	67108863	83886080	100663295	6	6	8	3
930	0	67108863	83886080	100663295	1	6	8	6
931	1375731712	1384120319	2013265920	2147483647	6	9	5	2
932	1375731712	1384120319	2013265920	2147483647	1	9	5	3
933	1390149632	1390411775	0	2147483647	47	14	1	1
934	1384120320	1388314623	1610612736	1879048191	6	10	4	1
935	1384120320	1388314623	1610612736	1879048191	1	10	4	3
936	0	4294967295	3382181888	3382444031	6	0	14	1
937	2147483648	4294967295	3381657600	3382181887	6	1	13	1
938	2147483648	4294967295	3212312576	3212836863	6	1	13	1
939	2147483648	4294967295	3382181888	3382444031	47	1	14	1
940	3573547008	3590324223	3087007744	3154116607	47	8	6	1
941	67108864	83886079	0	67108863	47	8	6	1
942	3559821312	3559825407	2147483648	3221225471	0	20	2	1
943	3559849984	3559915519	3422552064	3489660927	0	16	6	1
944	2751463424	2818572287	3388997632	3422552063	6	6	7	3
945	2751463424	2818572287	3388997632	3422552063	1	6	7	5
946	2748973056	2749005823	3221225472	3355443199	0	17	5	1
947	99909632	99942399	2013265920	2147483647	0	17	5	1
948	1389953024	1389985791	2013265920	2147483647	0	17	5	1
949	2749366272	2751463423	2147483648	2684354559	47	11	3	1
950	2747269120	2748317695	2147483648	4294967295	6	12	1	3
951	2747269120	2748317695	2147483648	4294967295	1	12	1	4
952	2749028352	2749030399	2147483648	4294967295	0	21	1	1
953	100007936	100139007	1946157056	1979711487	0	15	7	1
954	100663296	134217727	1879048192	1946157055	6	7	6	5
955	100663296	134217727	1879048192	1946157055	1	7	6	6
956	0	67108863	83886080	100663295	47	6	8	1
957	99901440	99909631	536870912	1073741823	0	19	3	1
958	100139008	100663295	1979711488	1988100095	0	13	9	1
959	1375731712	1384120319	2013265920	2147483647	47	9	5	1
960	1384120320	1388314623	1610612736	1879048191	47	10	4	1
961	0	4294967295	3212312576	3212836863	6	0	13	1
962	0	4294967295	3381657600	3382181887	1	0	13	1
963	0	4294967295	3381657600	3382181887	6	0	13	1
964	2147483648	4294967295	3380609024	3381657599	6	1	12	1
965	2147483648	4294967295	3212312576	3212836863	47	1	13	1
966	3559825408	3559833599	2147483648	3221225471	0	19	2	1
967	2749030400	2749038591	2147483648	3221225471	0	19	2	1
968	2749005824	2749022207	2147483648	2684354559	0	18	3	1
969	2751463424	2818572287	3388997632	3422552063	47	6	7	1
970	2743074816	2747269119	2147483648	3221225471	6	10	2	3
971	2743074816	2747269119	2147483648	3221225471	1	10	2	6
972	2747269120	2748317695	2147483648	4294967295	47	12	1	1
973	2749022208	2749026303	2147483648	4294967295	0	20	1	1
974	1389989888	1389993983	0	2147483647	0	20	1	1
975	100663296	134217727	1879048192	1946157055	47	7	6	1
976	1389953024	1389985791	1610612736	1879048191	0	17	4	1
977	1390411776	1392508927	0	2147483647	6	11	1	3
978	1390411776	1392508927	0	2147483647	1	11	1	4
979	0	4294967295	3380609024	3381657599	6	0	12	1
980	0	4294967295	3380609024	3381657599	1	0	12	1
981	3559653376	3559784447	3221225472	3355443199	0	15	5	1
982	3558866944	3559391231	3388997632	3422552063	0	13	7	1
983	3559784448	3559817215	3758096384	4294967295	0	17	3	1
984	2743074816	2747269119	2147483648	3221225471	47	10	2	1
985	96468992	98566143	75497472	83886079	0	11	9	1
986	99876864	99893247	1073741824	2147483647	0	18	2	1
987	1384120320	1388314623	1992294400	1996488703	0	10	10	1
988	1390411776	1392508927	0	2147483647	47	11	1	1
989	1389887488	1389953023	1610612736	1879048191	0	16	4	1
990	1389993984	1390002175	0	2147483647	0	19	1	1
991	1073741824	2147483647	75497472	83886079	6	2	9	1
992	1073741824	2147483647	75497472	83886079	1	2	9	1
993	2147483648	4294967295	3204448256	3208642559	6	1	10	1
994	3559915520	3560964095	3154116608	3187671039	0	12	7	1
995	98566144	99614719	1946157056	1979711487	0	12	7	1
996	2749038592	2749104127	2147483648	2684354559	0	16	3	1
997	268435456	536870911	1879048192	1946157055	6	4	6	1
998	268435456	536870911	1879048192	1946157055	1	4	6	2
999	1390002176	1390018559	0	2147483647	0	18	1	1
1000	1073741824	2147483647	75497472	83886079	47	2	9	1
1001	0	4294967295	3204448256	3208642559	6	0	10	1
1002	0	4294967295	3384803328	3388997631	6	0	10	1
1003	0	4294967295	3384803328	3388997631	1	0	10	4
1004	2147483648	4294967295	3204448256	3208642559	47	1	10	1
1005	2147483648	4294967295	3212836864	3221225471	6	1	9	1
1006	2749104128	2749366271	3489660928	3758096383	0	14	4	1
1007	99614720	99876863	1610612736	1879048191	0	14	4	1
1008	268435456	536870911	1879048192	1946157055	47	4	6	1
1009	1375731712	1384120319	1979711488	1988100095	0	9	9	1
1010	0	4294967295	3212836864	3221225471	6	0	9	1
1011	0	4294967295	3212836864	3221225471	1	0	9	2
1012	0	4294967295	3384803328	3388997631	47	0	10	1
1013	3560964096	3565158399	3388997632	3422552063	0	10	7	1
1014	92274688	96468991	100663296	134217727	0	10	7	1
1015	2684354560	2717908991	2147483648	4294967295	6	7	1	2
1016	0	67108863	0	1073741823	1	6	2	5
1017	1389363200	1389887487	1610612736	1879048191	0	13	4	1
1018	1388314624	1389363199	2013265920	2147483647	0	12	5	1
1019	0	4294967295	3212836864	3221225471	47	0	9	1
1020	3590324224	3623878655	3372220416	3380609023	0	7	9	1
1021	3221225472	3489660927	3758096384	4294967295	1	4	3	6
1022	2717908992	2734686207	3187671040	3204448255	0	8	8	1
1023	2748841984	2748973055	2147483648	4294967295	0	15	1	1
1024	1390018560	1390149631	0	2147483647	0	15	1	1
1025	2684354560	2717908991	2147483648	4294967295	47	7	1	1
1026	2748317696	2748841983	3758096384	4294967295	0	13	3	1
1027	0	67108863	0	1073741823	47	6	2	1
1028	0	67108863	71303168	75497471	0	6	10	1
1029	0	4294967295	3388997632	3422552063	6	0	7	1
1030	3573547008	3590324223	3388997632	3422552063	0	8	7	1
1031	3565158400	3573547007	3087007744	3154116607	0	9	6	1
1032	83886080	92274687	0	67108863	0	9	6	1
1033	3221225472	3489660927	3758096384	4294967295	47	4	3	1
1034	1390149632	1390411775	0	2147483647	0	14	1	1
1035	3573547008	3590324223	3087007744	3154116607	0	8	6	1
1036	67108864	83886079	0	67108863	0	8	6	1
1037	2749366272	2751463423	2147483648	2684354559	0	11	3	1
1038	0	67108863	83886080	100663295	0	6	8	1
1039	1384120320	1388314623	1610612736	1879048191	0	10	4	1
1040	3221225472	4294967295	2147483648	3221225471	1	2	2	6
1041	2751463424	2818572287	3388997632	3422552063	0	6	7	1
1042	2747269120	2748317695	2147483648	4294967295	0	12	1	1
1043	100663296	134217727	1879048192	1946157055	0	7	6	1
1044	3221225472	4294967295	2147483648	3221225471	47	2	2	1
1045	2743074816	2747269119	2147483648	3221225471	0	10	2	1
1046	2147483648	3221225471	2147483648	4294967295	1	2	1	6
1047	1390411776	1392508927	0	2147483647	0	11	1	1
1048	2147483648	3221225471	2147483648	4294967295	47	2	1	1
1049	2147483648	4294967295	0	2147483647	1	1	1	6
1050	2147483648	4294967295	0	2147483647	47	1	1	1
1051	0	4294967295	2147483648	4294967295	1	0	1	2
1052	0	2147483647	0	4294967295	1	1	0	6
1053	2147483648	4294967295	3212836864	3221225471	0	1	9	1
1054	0	4294967295	3212836864	3221225471	0	0	9	1
1055	0	4294967295	2147483648	4294967295	47	0	1	1
1056	0	4294967295	0	4294967295	1	0	0	6
1057	0	2147483647	0	4294967295	47	1	0	1
1058	2684354560	2717908991	2147483648	4294967295	0	7	1	1
1059	0	67108863	0	1073741823	0	6	2	1
1060	0	4294967295	0	4294967295	47	0	0	1
1061	3221225472	3489660927	3758096384	4294967295	0	4	3	1
1062	3221225472	4294967295	2147483648	3221225471	0	2	2	1
1063	2147483648	3221225471	2147483648	4294967295	0	2	1	1
1064	2147483648	4294967295	0	2147483647	0	1	1	1
1065	0	4294967295	2147483648	4294967295	0	0	1	1
1066	0	2147483647	0	4294967295	0	1	0	1
1067	0	4294967295	0	4294967295	0	0	0	1
