Merged IP Table (238 entries):
Idx	SrcIP_lo	SrcIP_hi	DstIP_lo	DstIP_hi	Proto	Priority	SrcMask	DstMask	MergedCount	RmaxID
0	1190188680	1190188680	1692740684	1692740684	6	32	32	86	234	
1	1190188680	1190188680	963761975	963761975	6	32	32	15	234	
2	1190188680	1190188680	3101616676	3101616676	6	32	32	92	234	
3	1190188672	1190188672	3101616676	3101616676	6	32	32	46	234	
4	1190188719	1190188719	3101182891	3101182891	6	32	32	7	234	
5	1190188719	1190188719	3101182848	3101182848	6	32	32	47	234	
6	1190188719	1190188719	3101202471	3101202471	6	32	32	123	234	
7	1190188719	1190188719	3277965392	3277965392	6	32	32	190	234	
8	1190188719	1190188719	1692738523	1692738523	6	32	32	42	234	
9	1190188719	1190188719	3277967472	3277967472	6	32	32	73	234	
10	1190188745	1190188745	3278740875	3278740875	6	32	32	187	234	
11	1190188740	1190188740	3278445294	3278445294	6	32	32	96	234	
12	1190188766	1190188766	3279938331	3279938331	6	32	32	96	234	
13	1190188781	1190188781	3283797658	3283797658	6	32	32	41	234	
14	1190188797	1190188797	3283797658	3283797658	6	32	32	4	234	
15	3277967254	3277967254	3283797658	3283797658	6	32	32	1	234	
16	1190188688	1190188688	3279938331	3279938331	6	32	32	2	234	
17	1190188680	1190188680	1692740684	1692740684	17	32	32	4	17	
18	1190188680	1190188680	963761975	963761975	17	32	32	1	18	
19	1190188680	1190188680	3101616676	3101616676	17	32	32	4	19	
20	1190188672	1190188672	3101616676	3101616676	17	32	32	2	20	
21	1190188719	1190188719	3101182848	3101182848	17	32	32	1	21	
22	1190188719	1190188719	3101202471	3101202471	17	32	32	2	22	
23	1190188719	1190188719	3277965392	3277965392	17	32	32	8	23	
24	1190188719	1190188719	1692738523	1692738523	17	32	32	5	24	
25	1190188745	1190188745	3278740875	3278740875	17	32	32	9	25	
26	1190188740	1190188740	3278445294	3278445294	17	32	32	4	26	
27	1190188766	1190188766	3279938331	3279938331	17	32	32	3	27	
28	1190188759	1190188759	3279938322	3279938322	6	32	32	3	234	
29	1190188781	1190188781	3283797658	3283797658	17	32	32	2	52	
30	1190188688	1190188688	3306856712	3306856712	6	32	32	2	234	
31	1190188688	1190188688	3306856711	3306856711	6	32	32	2	234	
32	1190188688	1190188688	3101616678	3101616679	6	32	31	51	234	
33	1190188719	1190188719	3101182888	3101182889	6	32	31	7	234	
34	1190188716	1190188717	3277967472	3277967472	6	31	32	51	234	
35	1190188746	1190188747	3278740875	3278740875	6	31	32	23	234	
36	1190188742	1190188743	3278445294	3278445294	6	31	32	8	234	
37	1190188764	1190188765	3279938331	3279938331	6	31	32	10	234	
38	1190188674	1190188675	3101616676	3101616676	6	31	32	2	234	
39	1190188756	1190188757	3279938322	3279938322	6	31	32	3	234	
40	1190188782	1190188783	3283797658	3283797658	6	31	32	3	234	
41	1190188798	1190188799	3283797658	3283797658	6	31	32	2	234	
42	1190188688	1190188688	963761968	963761971	6	32	30	6	234	
43	1190188688	1190188688	3101616672	3101616675	6	32	30	59	234	
44	1190188719	1190188719	3101182892	3101182895	6	32	30	12	234	
45	1190188688	1190188688	3101616678	3101616679	17	32	31	2	45	
46	1190188688	1190188688	3101616672	3101616675	17	32	30	1	46	
47	1190188719	1190188719	3277967472	3277967472	17	32	32	2	47	
48	1190188688	1190188688	3101616688	3101616703	6	32	28	2	234	
49	1190188544	1190189055	3283797658	3283797658	6	23	32	98	234	
50	1190188680	1190188680	3101617152	3101618175	6	32	22	88	234	
51	3277967172	3277967172	3277965312	3277966335	6	32	22	1	234	
52	1190188544	1190189055	3283797658	3283797658	17	23	32	5	52	
53	1190188680	1190188680	3101617152	3101618175	17	32	22	5	NONE	
54	3277967160	3277967160	3277965312	3277966335	6	32	22	1	234	
55	1190188688	1190188688	3569721344	3569722367	6	32	22	1	234	
56	1190188676	1190188679	3101617152	3101618175	6	30	22	19	234	
57	1190188703	1190188703	3277961853	3277961853	6	32	32	1	234	
58	1190188688	1190188688	3277961853	3277961853	6	32	32	1	234	
59	1190188680	1190188680	1692740684	1692740684	1	32	32	1	232	
60	1190188680	1190188680	3101616676	3101616676	1	32	32	1	232	
61	1190188672	1190188672	3101616676	3101616676	1	32	32	1	232	
62	1190188719	1190188719	3101182848	3101182848	1	32	32	1	232	
63	1190188719	1190188719	3101202471	3101202471	1	32	32	1	232	
64	1190188719	1190188719	3277965392	3277965392	1	32	32	1	232	
65	1190188719	1190188719	3277967472	3277967472	1	32	32	1	232	
66	1190188745	1190188745	3278740875	3278740875	1	32	32	1	232	
67	1190188740	1190188740	3278445294	3278445294	1	32	32	1	232	
68	1190188766	1190188766	3279938331	3279938331	1	32	32	1	232	
69	1190188719	1190188719	3277961652	3277961652	6	32	32	1	234	
70	1190188719	1190188719	3277961652	3277961652	1	32	32	1	232	
71	1190188703	1190188703	3277961652	3277961652	1	32	32	1	232	
72	1190188688	1190188688	3278445294	3278445294	6	32	32	1	234	
73	1190188688	1190188688	3278445294	3278445294	1	32	32	1	232	
74	1190188688	1190188688	3279938322	3279938322	6	32	32	1	234	
75	1190188688	1190188688	3279262261	3279262261	6	32	32	1	234	
76	1190188688	1190188688	3283797658	3283797658	6	32	32	1	234	
77	1190188700	1190188701	3277961853	3277961853	6	31	32	1	234	
78	1190188690	1190188691	3277961853	3277961853	6	31	32	1	234	
79	1190188688	1190188688	3101616678	3101616679	1	32	31	1	232	
80	1190188719	1190188719	3101182888	3101182889	1	32	31	1	232	
81	1190188712	1190188715	3277965392	3277965392	6	30	32	3	234	
82	1190188712	1190188715	3277967472	3277967472	6	30	32	3	234	
83	1190188748	1190188751	3277961853	3277961853	6	30	32	3	234	
84	1190188748	1190188751	3278740875	3278740875	6	30	32	3	234	
85	1190188760	1190188763	3279938331	3279938331	6	30	32	3	234	
86	1190188752	1190188755	3279938322	3279938322	6	30	32	2	234	
87	1190188776	1190188779	3283797658	3283797658	6	30	32	2	234	
88	1190188696	1190188699	3277961853	3277961853	6	30	32	1	234	
89	1190188692	1190188695	3277961853	3277961853	6	30	32	1	234	
90	1190188716	1190188717	3277967472	3277967472	1	31	32	1	232	
91	1190188746	1190188747	3278740875	3278740875	1	31	32	1	232	
92	1190188798	1190188799	3283797658	3283797658	1	31	32	1	232	
93	1190188712	1190188715	3277965392	3277965392	1	30	32	1	232	
94	1190188712	1190188715	3277967472	3277967472	1	30	32	1	232	
95	1190188736	1190188739	3278445294	3278445294	1	30	32	1	232	
96	1190188736	1190188739	3278445294	3278445294	6	30	32	1	234	
97	1190188752	1190188755	3279938322	3279938322	1	30	32	1	232	
98	1190188776	1190188779	3283797658	3283797658	1	30	32	1	232	
99	1190188792	1190188795	3283797658	3283797658	1	30	32	1	232	
100	1190188792	1190188795	3283797658	3283797658	6	30	32	1	234	
101	3277967281	3277967281	3101616704	3101616767	6	32	26	1	234	
102	3277967257	3277967257	3101616704	3101616767	6	32	26	1	234	
103	3277967246	3277967246	3101616704	3101616767	6	32	26	1	234	
104	3277967243	3277967243	3101616704	3101616767	6	32	26	1	234	
105	3277967233	3277967233	3101616704	3101616767	6	32	26	1	234	
106	3277967228	3277967228	3101616704	3101616767	6	32	26	1	234	
107	3277967223	3277967223	3101616704	3101616767	6	32	26	1	234	
108	3277967219	3277967219	3101616704	3101616767	6	32	26	1	234	
109	3277967209	3277967209	3101616704	3101616767	6	32	26	1	234	
110	3277967153	3277967153	3101616704	3101616767	6	32	26	1	234	
111	3277967147	3277967147	3101616704	3101616767	6	32	26	1	234	
112	3277967145	3277967145	3101616704	3101616767	6	32	26	1	234	
113	3277967140	3277967140	3101616704	3101616767	6	32	26	1	234	
114	3277967131	3277967131	3101616704	3101616767	6	32	26	1	234	
115	3277967115	3277967115	3101616704	3101616767	6	32	26	1	234	
116	3277967106	3277967106	3101616704	3101616767	6	32	26	1	234	
117	1190188790	1190188790	3101616704	3101616767	6	32	26	1	234	
118	1190188680	1190188680	3101616896	3101617151	6	32	24	3	234	
119	1190188719	1190188719	3101182464	3101182719	6	32	24	3	234	
120	3277967288	3277967289	3101616704	3101616767	6	31	26	1	234	
121	3277967230	3277967231	3101616704	3101616767	6	31	26	1	234	
122	3277967174	3277967175	3101616704	3101616767	6	31	26	1	234	
123	1190188688	1190188688	3101616768	3101616895	6	32	25	1	234	
124	1190188682	1190188683	3101616896	3101617151	6	31	24	3	234	
125	1190188680	1190188680	3101616896	3101617151	1	32	24	1	232	
126	1190188719	1190188719	3101182464	3101182719	1	32	24	1	232	
127	1190188680	1190188680	1692740684	1692740684	0	32	32	1	237	
128	1190188680	1190188680	963761975	963761975	0	32	32	1	237	
129	1190188680	1190188680	3101616676	3101616676	0	32	32	1	237	
130	1190188672	1190188672	3101616676	3101616676	0	32	32	1	237	
131	1190188719	1190188719	3101182848	3101182848	0	32	32	1	237	
132	1190188719	1190188719	3101202471	3101202471	0	32	32	1	237	
133	1190188719	1190188719	3277965392	3277965392	0	32	32	1	237	
134	1190188719	1190188719	1692738523	1692738523	0	32	32	1	237	
135	1190188719	1190188719	3277967472	3277967472	0	32	32	1	237	
136	1190188745	1190188745	3278740875	3278740875	0	32	32	1	237	
137	1190188740	1190188740	3278445294	3278445294	0	32	32	1	237	
138	1190188766	1190188766	3279938331	3279938331	0	32	32	1	237	
139	1190188781	1190188781	3283797658	3283797658	0	32	32	1	237	
140	1190188703	1190188703	3277961853	3277961853	0	32	32	1	237	
141	1190188688	1190188688	3279938322	3279938322	0	32	32	1	237	
142	3277967212	3277967215	3101616704	3101616767	6	30	26	1	234	
143	3277967168	3277967171	3101616704	3101616767	6	30	26	1	234	
144	3277967132	3277967135	3101616704	3101616767	6	30	26	1	234	
145	1190188682	1190188683	3101616896	3101617151	1	31	24	1	232	
146	1190188674	1190188675	3101616676	3101616676	0	31	32	1	237	
147	1190188716	1190188717	3277967472	3277967472	0	31	32	1	237	
148	1190188746	1190188747	3278740875	3278740875	0	31	32	1	237	
149	1190188764	1190188765	3279938331	3279938331	0	31	32	1	237	
150	1190188798	1190188799	3283797658	3283797658	0	31	32	1	237	
151	1190188688	1190188688	3101616678	3101616679	0	32	31	1	237	
152	1190188544	1190189055	3283797658	3283797658	1	23	32	1	232	
153	1190188680	1190188680	3101617152	3101618175	1	32	22	1	232	
154	1190188712	1190188715	3277965392	3277965392	0	30	32	1	237	
155	1190188712	1190188715	3277967472	3277967472	0	30	32	1	237	
156	1190188748	1190188751	3277961853	3277961853	0	30	32	1	237	
157	1190188748	1190188751	3278740875	3278740875	0	30	32	1	237	
158	1190188736	1190188739	3278445294	3278445294	0	30	32	1	237	
159	1190188760	1190188763	3279938331	3279938331	0	30	32	1	237	
160	1190188752	1190188755	3279938322	3279938322	0	30	32	1	237	
161	1190188776	1190188779	3283797658	3283797658	0	30	32	1	237	
162	1190188792	1190188795	3283797658	3283797658	0	30	32	1	237	
163	1190188676	1190188679	3101617152	3101618175	1	30	22	1	232	
164	3277967290	3277967290	3101616704	3101616767	0	32	26	1	237	
165	1190188719	1190188719	3101229056	3101294591	6	32	16	2	234	
166	1190188680	1190188680	3101616896	3101617151	0	32	24	1	237	
167	1190188719	1190188719	3101182464	3101182719	0	32	24	1	237	
168	1190188688	1190188688	3101622272	3101687807	6	32	16	1	234	
169	1190188682	1190188683	3101616896	3101617151	0	31	24	1	237	
170	1190188544	1190189055	3283797658	3283797658	0	23	32	1	237	
171	1190188790	1190188790	3101425664	3101556735	1	32	15	1	232	
172	1190188719	1190188719	3101425664	3101556735	1	32	15	1	232	
173	1190188719	1190188719	3101294592	3101425663	6	32	15	1	234	
174	1190188719	1190188719	3101294592	3101425663	1	32	15	1	232	
175	1190188682	1190188683	3101622272	3101687807	6	31	16	1	234	
176	1190188680	1190188680	3101617152	3101618175	0	32	22	1	237	
177	3277967202	3277967202	3277965312	3277966335	0	32	22	1	237	
178	1190188788	1190188789	3101425664	3101556735	1	31	15	1	232	
179	1190188684	1190188687	3101622272	3101687807	6	30	16	1	234	
180	1190188784	1190188787	3101425664	3101556735	1	30	15	1	232	
181	1190188676	1190188679	3101617152	3101618175	0	30	22	1	237	
182	1190188719	1190188719	3120562176	3154116607	6	32	7	1	234	
183	3277966848	3277967359	3101622272	3101687807	6	23	16	1	234	
184	1190188790	1190188790	3101425664	3101556735	0	32	15	1	237	
185	1190188719	1190188719	3154116608	3221225471	1	32	6	1	232	
186	1190188719	1190188719	2952790016	3087007743	6	32	5	1	234	
187	1190188719	1190188719	2684354560	2952790015	6	32	4	1	234	
188	1190188719	1190188719	2147483648	2684354559	6	32	3	1	234	
189	1190188719	1190188719	2147483648	3221225471	1	32	2	1	232	
190	1190188719	1190188719	2147483648	3221225471	6	32	2	1	234	
191	1190188544	1190189055	3254779904	3271557119	6	23	8	3	234	
192	1190188544	1190189055	3221225472	3254779903	6	23	7	2	234	
193	1190188544	1190189055	3254779904	3271557119	1	23	8	1	232	
194	1190188719	1190188719	3120562176	3154116607	0	32	7	1	237	
195	1190188544	1190189055	3221225472	3254779903	1	23	7	1	232	
196	1190188719	1190188719	3154116608	3221225471	0	32	6	1	237	
197	1190188544	1190189055	805306368	939524095	6	23	5	2	234	
198	1190188544	1190189055	1744830464	1879048191	6	23	5	2	234	
199	1190188544	1190189055	3355443200	3489660927	6	23	5	3	234	
200	1190188544	1190189055	3288334336	3355443199	1	23	6	1	232	
201	1190188544	1190189055	3288334336	3355443199	6	23	6	1	234	
202	1190188719	1190188719	2952790016	3087007743	0	32	5	1	237	
203	1190188544	1190189055	536870912	805306367	6	23	4	2	234	
204	1190188544	1190189055	3489660928	3758096383	6	23	4	2	234	
205	1190188544	1190189055	805306368	939524095	1	23	5	1	232	
206	1190188544	1190189055	1744830464	1879048191	1	23	5	1	232	
207	1190188544	1190189055	3355443200	3489660927	1	23	5	1	232	
208	1190188719	1190188719	2684354560	2952790015	0	32	4	1	237	
209	1190188544	1190189055	536870912	805306367	1	23	4	1	232	
210	1190188544	1190189055	3489660928	3758096383	1	23	4	1	232	
211	1190188544	1190189055	3758096384	4294967295	6	23	3	2	234	
212	1190188719	1190188719	2147483648	2684354559	0	32	3	1	237	
213	1190188544	1190189055	0	536870911	6	23	3	1	234	
214	1190188544	1190189055	3758096384	4294967295	1	23	3	1	232	
215	1190188544	1190189055	0	2147483647	6	23	1	2	234	
216	1190188544	1190189055	0	1073741823	6	23	2	1	234	
217	1190188544	1190189055	2147483648	4294967295	1	23	1	1	232	
218	1190188544	1190189055	2147483648	4294967295	6	23	1	1	234	
219	1190188544	1190189055	3254779904	3271557119	0	23	8	1	237	
220	1190188544	1190189055	3221225472	3254779903	0	23	7	1	237	
221	1190188544	1190189055	3288334336	3355443199	0	23	6	1	237	
222	1190188544	1190189055	1744830464	1879048191	0	23	5	1	237	
223	1190188544	1190189055	3355443200	3489660927	0	23	5	1	237	
224	1190188544	1190189055	536870912	805306367	0	23	4	1	237	
225	1190188544	1190189055	3489660928	3758096383	0	23	4	1	237	
226	1190188544	1190189055	0	536870911	0	23	3	1	237	
227	1190188544	1190189055	3758096384	4294967295	0	23	3	1	237	
228	1190188544	1190189055	0	1073741823	0	23	2	1	237	
229	1190188544	1190189055	2147483648	4294967295	0	23	1	1	237	
230	0	4294967295	3254779904	3271557119	6	0	8	2	234	
231	1174405120	1191182335	0	4294967295	6	8	0	1	234	
232	1174405120	1191182335	0	4294967295	1	8	0	1	232	
233	0	4294967295	3254779904	3271557119	1	0	8	1	NONE	
234	0	4294967295	0	4294967295	6	0	0	3	234	
235	1174405120	1191182335	0	4294967295	0	8	0	1	237	
236	0	4294967295	3254779904	3271557119	0	0	8	1	237	
237	0	4294967295	0	4294967295	0	0	0	1	237	
