Merged IP Table (610 entries):
Idx	SrcIP_lo	SrcIP_hi	DstIP_lo	DstIP_hi	Proto	SrcMask	DstMask	MergedCount
0	150032896	150033151	1747844753	1747844753	6	24	32	43
1	150033264	150033279	1747844760	1747844767	6	28	29	3
2	150032896	150033151	1747844753	1747844753	17	24	32	27
3	150033264	150033279	1747844760	1747844767	17	28	29	2
4	3898618880	3898619007	2575433236	2575433239	6	25	30	36
5	3898618880	3898619007	2575433236	2575433239	17	25	30	23
6	3898613760	3898617855	2575433235	2575433235	6	20	32	43
7	3898613760	3898617855	2575433235	2575433235	17	20	32	25
8	1857361920	1857363967	1747844756	1747844759	6	21	30	40
9	150034432	150036479	1747844756	1747844759	6	21	30	40
10	150028288	150032383	1747844754	1747844755	6	20	31	35
11	1857388544	1857421311	1747844753	1747844753	6	17	32	26
12	1857361920	1857363967	1747844756	1747844759	17	21	30	24
13	150034432	150036479	1747844756	1747844759	17	21	30	27
14	150028288	150032383	1747844754	1747844755	17	20	31	30
15	150036480	150044671	1747844754	1747844755	6	19	31	40
16	1857388544	1857421311	1747844753	1747844753	17	17	32	12
17	150036480	150044671	1747844754	1747844755	17	19	31	25
18	3898617856	3898618879	2575425536	2575429631	6	22	20	1
19	1857360250	1857360250	1747843072	1747844095	6	32	22	3
20	1862270976	1879048191	1747844753	1747844753	6	8	32	11
21	1862270976	1879048191	1747844753	1747844753	17	8	32	8
22	3898613760	3898617855	2575425536	2575429631	6	20	20	1
23	1857360251	1857360251	1747844096	1747844607	6	32	23	5
24	3898613760	3898617855	2575425536	2575429631	17	20	20	1
25	150033263	150033263	1747843072	1747844095	6	32	22	6
26	150033262	150033262	1747841024	1747843071	6	32	21	6
27	3176970963	3176970963	2415919104	2550136831	17	32	5	10
28	3176970960	3176970961	2575431680	2575432703	6	31	22	6
29	1857360251	1857360251	1747841024	1747843071	6	32	21	2
30	150033262	150033262	1747812352	1747828735	6	32	18	1
31	1857360250	1857360250	1747828736	1747836927	6	32	19	6
32	3221225472	3758096383	2575433234	2575433234	6	3	32	57
33	3221225472	3758096383	2575433234	2575433234	17	3	32	37
34	3176970963	3176970963	2575400960	2575417343	6	32	18	5
35	3176970968	3176970975	2583691264	2617245695	17	29	7	7
36	3176970964	3176970967	2575429632	2575431679	6	30	21	6
37	0	1073741823	1747844753	1747844753	6	2	32	53
38	0	1073741823	1747844753	1747844753	17	2	32	46
39	3087007744	3154116607	2575433240	2575433247	6	6	29	41
40	3087007744	3154116607	2575433240	2575433247	17	6	29	24
41	3176970968	3176970975	2575429632	2575431679	6	29	21	4
42	1811939328	1845493759	1747844736	1747844751	6	7	28	27
43	1811939328	1845493759	1747844736	1747844751	17	7	28	17
44	1610612736	1744830463	1747844756	1747844759	6	5	30	53
45	0	134217727	1747844756	1747844759	6	5	30	48
46	1610612736	1744830463	1747844756	1747844759	17	5	30	40
47	0	134217727	1747844756	1747844759	17	5	30	33
48	1857360250	1857360250	0	1073741823	17	32	2	8
49	1857360251	1857360251	1747812352	1747828735	6	32	18	5
50	1879048192	2147483647	1747844754	1747844755	6	4	31	64
51	1879048192	2147483647	1747844754	1747844755	17	4	31	44
52	0	2147483647	2575433234	2575433234	6	1	32	65
53	0	2147483647	2575433234	2575433234	17	1	32	37
54	3898619017	3898619017	0	4294967295	17	32	0	12
55	3898619008	3898619015	2575425536	2575429631	6	29	20	6
56	3176970968	3176970975	2415919104	2550136831	17	29	5	7
57	3176970962	3176970962	3221225472	4294967295	17	32	2	12
58	3176970964	3176970967	2575417344	2575425535	6	30	19	6
59	3176970963	3176970963	2575564800	2575826943	6	32	14	1
60	2147483648	4294967295	1747844753	1747844753	6	1	32	47
61	2147483648	4294967295	1747844753	1747844753	17	1	32	27
62	150033264	150033279	1811939328	1879048191	17	28	6	8
63	0	1073741823	1747844752	1747844752	6	2	32	79
64	0	1073741823	1747844752	1747844752	17	2	32	46
65	3221225472	3758096383	2575433236	2575433239	6	3	30	15
66	1073741824	1610612735	1747844756	1747844759	6	3	30	86
67	3221225472	3758096383	2575433236	2575433239	17	3	30	9
68	1073741824	1610612735	1747844756	1747844759	17	3	30	49
69	3176970976	3176971007	2617245696	2684354559	17	27	6	10
70	3176970960	3176970961	3221225472	4294967295	17	31	2	7
71	1857360248	1857360249	0	1073741823	17	31	2	12
72	3176970960	3176970961	2575368192	2575400959	6	31	17	4
73	2684354560	2952790015	2575433240	2575433247	6	4	29	68
74	2684354560	2952790015	2575433240	2575433247	17	4	29	42
75	0	1073741823	1747844754	1747844755	6	2	31	69
76	0	1073741823	1747844754	1747844755	17	2	31	44
77	4026531840	4294967295	2575433216	2575433231	6	4	28	49
78	4026531840	4294967295	2575433216	2575433231	17	4	28	38
79	3898619016	3898619016	0	4294967295	17	32	0	9
80	3221225472	3758096383	2575433240	2575433247	6	3	29	58
81	3221225472	3758096383	2575433240	2575433247	17	3	29	37
82	2952790016	3087007743	2575433248	2575433279	6	5	27	43
83	2952790016	3087007743	2575433248	2575433279	17	5	27	36
84	3176970976	3176971007	2415919104	2550136831	17	27	5	7
85	2147483648	4294967295	1747844754	1747844755	6	1	31	33
86	0	2147483647	2575433232	2575433233	6	1	31	98
87	2147483648	4294967295	1747844754	1747844755	17	1	31	21
88	0	2147483647	2575433232	2575433233	17	1	31	51
89	1857360252	1857360255	0	1073741823	17	30	2	11
90	150033260	150033261	0	2147483647	17	31	1	11
91	0	4294967295	2575433235	2575433235	6	0	32	72
92	0	4294967295	2575433235	2575433235	17	0	32	40
93	3221225472	4294967295	2575433240	2575433247	6	2	29	56
94	2147483648	3221225471	2575433240	2575433247	6	2	29	101
95	1073741824	2147483647	1747844760	1747844767	6	2	29	101
96	3221225472	4294967295	2575433240	2575433247	17	2	29	32
97	2147483648	3221225471	2575433240	2575433247	17	2	29	53
98	1073741824	2147483647	1747844760	1747844767	17	2	29	55
99	3898619018	3898619019	0	4294967295	17	31	0	10
100	3898619020	3898619023	2147483648	4294967295	17	30	1	11
101	150033256	150033259	0	2147483647	17	30	1	11
102	3176970880	3176970943	2617245696	2684354559	17	26	6	6
103	3176970968	3176970975	3221225472	4294967295	17	29	2	8
104	1857360240	1857360247	0	1073741823	17	29	2	11
105	150033248	150033255	0	1073741823	17	29	2	10
106	2147483648	4294967295	1747844756	1747844759	6	1	30	85
107	0	2147483647	2575433236	2575433239	6	1	30	61
108	2147483648	4294967295	1747844756	1747844759	17	1	30	51
109	0	2147483647	2575433236	2575433239	17	1	30	43
110	1857360248	1857360249	1747845120	1747976191	6	31	15	2
111	1857360192	1857360223	1879048192	2147483647	17	27	4	10
112	268435456	536870911	1747844768	1747844799	6	4	27	70
113	268435456	536870911	1747844768	1747844799	17	4	27	39
114	150033248	150033255	1747779584	1747812351	6	29	17	1
115	3898619008	3898619015	2575302656	2575368191	6	29	16	1
116	3898619008	3898619015	2147483648	4294967295	17	29	1	10
117	1857360240	1857360247	0	2147483647	17	29	1	10
118	3898618880	3898619007	2575425536	2575429631	6	25	20	2
119	3176970944	3176970959	3221225472	4294967295	17	28	2	12
120	2147483648	4294967295	1747844760	1747844767	6	1	29	97
121	2147483648	4294967295	1747844760	1747844767	17	1	29	49
122	2147483648	2684354559	2575433248	2575433279	6	3	27	51
123	2147483648	2684354559	2575433248	2575433279	17	3	27	37
124	1744830464	1811939327	1747844864	1747845119	17	6	24	20
125	1744830464	1811939327	1747844864	1747845119	6	6	24	31
126	150033264	150033279	1747779584	1747812351	6	28	17	2
127	0	4294967295	1747844756	1747844759	6	0	30	25
128	0	4294967295	2575433236	2575433239	6	0	30	111
129	0	4294967295	2575433236	2575433239	17	0	30	58
130	3221225472	4294967295	2575433248	2575433279	6	2	27	97
131	3221225472	4294967295	2575433248	2575433279	17	2	27	58
132	2147483648	4294967295	1747844736	1747844751	6	1	28	49
133	2147483648	4294967295	1747844736	1747844751	17	1	28	37
134	1857360256	1857360383	1879048192	2147483647	17	25	4	7
135	150033280	150033407	1879048192	2147483647	17	25	4	9
136	1857360224	1857360239	0	2147483647	17	28	1	12
137	150033264	150033279	0	2147483647	17	28	1	11
138	150033216	150033247	0	1073741823	17	27	2	10
139	150033264	150033279	1747714048	1747779583	6	28	16	1
140	0	4294967295	1747844756	1747844759	17	0	30	20
141	0	4294967295	1747844760	1747844767	6	0	29	22
142	0	4294967295	1747844760	1747844767	17	0	29	20
143	150033248	150033255	1747845120	1747976191	6	29	15	1
144	3898619040	3898619071	2147483648	4294967295	17	27	1	10
145	3898619024	3898619039	0	4294967295	17	28	0	11
146	3176971008	3176971263	2147483648	2415919103	17	24	4	6
147	2147483648	4294967295	1747844768	1747844799	6	1	27	99
148	2147483648	4294967295	1747844768	1747844799	17	1	27	53
149	2147483648	2684354559	2575433344	2575433471	6	3	25	69
150	2147483648	2684354559	2575433344	2575433471	17	3	25	47
151	1857360384	1857360895	1610612736	1744830463	17	23	5	3
152	150033264	150033279	1747845120	1747976191	6	28	15	1
153	0	4294967295	1747844736	1747844751	6	0	28	124
154	0	4294967295	2575433216	2575433231	6	0	28	115
155	0	4294967295	1747844736	1747844751	17	0	28	63
156	0	4294967295	2575433216	2575433231	17	0	28	53
157	150032384	150032895	1811939328	1879048191	17	23	6	1
158	3176970752	3176970879	3221225472	4294967295	17	25	2	11
159	2147483648	4294967295	1747844800	1747844863	6	1	26	84
160	0	2147483647	2575433280	2575433343	6	1	26	81
161	2147483648	4294967295	1747844800	1747844863	17	1	26	46
162	0	2147483647	2575433280	2575433343	17	1	26	52
163	1857360128	1857360191	0	2147483647	17	26	1	11
164	150033152	150033215	0	2147483647	17	26	1	11
165	150033216	150033247	1747845120	1747976191	6	27	15	2
166	3898619072	3898619135	0	4294967295	17	26	0	12
167	3221225472	3758096383	2575432704	2575433215	6	3	23	54
168	3221225472	3758096383	2575432704	2575433215	17	3	23	35
169	3898618880	3898619007	2575302656	2575368191	6	25	16	1
170	3176971264	3176972287	2415919104	2550136831	17	22	5	1
171	2147483648	4294967295	1747844608	1747844735	6	1	25	69
172	2147483648	4294967295	1747844608	1747844735	17	1	25	43
173	1857359872	1857360127	0	1073741823	17	24	2	10
174	3176970240	3176970751	3221225472	4294967295	17	23	2	6
175	3898619136	3898619391	0	4294967295	17	24	0	8
176	3898618880	3898619007	2575564800	2575826943	6	25	14	2
177	1857360896	1857361919	0	1073741823	17	22	2	4
178	0	4294967295	1747844864	1747845119	6	0	24	56
179	0	4294967295	2575433472	2575433727	6	0	24	58
180	0	4294967295	1747844864	1747845119	17	0	24	36
181	0	4294967295	2575433472	2575433727	17	0	24	41
182	4026531840	4294967295	1747836928	1747841023	6	4	20	2
183	3898617856	3898618879	2575302656	2575368191	6	22	16	3
184	3898619392	3898619903	0	4294967295	17	23	0	7
185	3221225472	3758096383	2575425536	2575429631	6	3	20	4
186	1857361920	1857363967	1747779584	1747812351	6	21	17	1
187	150034432	150036479	1747779584	1747812351	6	21	17	2
188	0	4294967295	1747844096	1747844607	6	0	23	44
189	0	4294967295	1747844096	1747844607	17	0	23	31
190	3898617856	3898618879	2147483648	4294967295	17	22	1	2
191	3221225472	3758096383	2575425536	2575429631	17	3	20	1
192	3176970963	3176970963	2415919104	2550136831	6	32	5	5
193	3176970963	3176970963	2415919104	2550136831	1	32	5	6
194	3176971264	3176972287	2575433728	2575564799	6	22	15	3
195	150034432	150036479	1747714048	1747779583	6	21	16	3
196	3176970968	3176970975	2583691264	2617245695	6	29	7	5
197	3176970968	3176970975	2583691264	2617245695	1	29	7	6
198	0	4294967295	1747836928	1747841023	6	0	20	20
199	0	4294967295	1747836928	1747841023	17	0	20	14
200	1857360250	1857360250	0	1073741823	6	32	2	1
201	3176970752	3176970879	2566914048	2575302655	6	25	9	2
202	3176970752	3176970879	2566914048	2575302655	1	25	9	1
203	3176970968	3176970975	2415919104	2550136831	1	29	5	4
204	3176970968	3176970975	2415919104	2550136831	6	29	5	1
205	3176970962	3176970962	3221225472	4294967295	6	32	2	4
206	3176970962	3176970962	3221225472	4294967295	1	32	2	5
207	150033264	150033279	1811939328	1879048191	6	28	6	3
208	150033264	150033279	1811939328	1879048191	1	28	6	6
209	3898605568	3898613759	2575564800	2575826943	6	19	14	1
210	3898619017	3898619017	0	4294967295	6	32	0	1
211	3898619017	3898619017	0	4294967295	1	32	0	2
212	3176970976	3176971007	2617245696	2684354559	1	27	6	6
213	3176970976	3176971007	2617245696	2684354559	6	27	6	5
214	3176970960	3176970961	3221225472	4294967295	6	31	2	1
215	3176970960	3176970961	3221225472	4294967295	1	31	2	5
216	1857360248	1857360249	0	1073741823	1	31	2	6
217	1857360248	1857360249	0	1073741823	6	31	2	2
218	3898619016	3898619016	0	4294967295	6	32	0	2
219	3898619016	3898619016	0	4294967295	1	32	0	5
220	3176970880	3176970943	2617245696	2684354559	6	26	6	5
221	3176970880	3176970943	2617245696	2684354559	1	26	6	6
222	3176970976	3176971007	2415919104	2550136831	6	27	5	3
223	3176970976	3176971007	2415919104	2550136831	1	27	5	6
224	1857360252	1857360255	0	1073741823	6	30	2	5
225	1857360252	1857360255	0	1073741823	1	30	2	6
226	150033260	150033261	0	2147483647	6	31	1	3
227	150033260	150033261	0	2147483647	1	31	1	6
228	3898619018	3898619019	0	4294967295	6	31	0	2
229	3898619018	3898619019	0	4294967295	1	31	0	4
230	3898619020	3898619023	2147483648	4294967295	1	30	1	5
231	3898619020	3898619023	2147483648	4294967295	6	30	1	2
232	150033256	150033259	0	2147483647	6	30	1	1
233	150033256	150033259	0	2147483647	1	30	1	6
234	3176970968	3176970975	3221225472	4294967295	1	29	2	1
235	1857360240	1857360247	0	1073741823	6	29	2	2
236	1857360240	1857360247	0	1073741823	1	29	2	5
237	150033248	150033255	0	1073741823	6	29	2	1
238	150033248	150033255	0	1073741823	1	29	2	6
239	1857360192	1857360223	1879048192	2147483647	6	27	4	5
240	1857360192	1857360223	1879048192	2147483647	1	27	4	6
241	3898619008	3898619015	2147483648	4294967295	6	29	1	1
242	3898619008	3898619015	2147483648	4294967295	1	29	1	2
243	1857360240	1857360247	0	2147483647	6	29	1	2
244	1857360240	1857360247	0	2147483647	1	29	1	4
245	3176970944	3176970959	3221225472	4294967295	6	28	2	5
246	3176970944	3176970959	3221225472	4294967295	1	28	2	6
247	150033408	150034431	1761607680	1778384895	1	22	8	6
248	150033408	150034431	1761607680	1778384895	6	22	8	6
249	3176970963	3176970963	2415919104	2550136831	0	32	5	1
250	1857360256	1857360383	1879048192	2147483647	1	25	4	6
251	1857360256	1857360383	1879048192	2147483647	6	25	4	5
252	150033280	150033407	1879048192	2147483647	1	25	4	6
253	150033280	150033407	1879048192	2147483647	6	25	4	3
254	1857360224	1857360239	0	2147483647	6	28	1	2
255	1857360224	1857360239	0	2147483647	1	28	1	5
256	150033264	150033279	0	2147483647	6	28	1	2
257	150033264	150033279	0	2147483647	1	28	1	4
258	150033216	150033247	0	1073741823	6	27	2	3
259	150033216	150033247	0	1073741823	1	27	2	6
260	150032384	150032895	1811939328	1879048191	1	23	6	6
261	150032384	150032895	1811939328	1879048191	6	23	6	4
262	3898619040	3898619071	2147483648	4294967295	6	27	1	5
263	3898619040	3898619071	2147483648	4294967295	1	27	1	6
264	3898619024	3898619039	0	4294967295	6	28	0	2
265	3898619024	3898619039	0	4294967295	1	28	0	4
266	3176971008	3176971263	2147483648	2415919103	1	24	4	6
267	3176971008	3176971263	2147483648	2415919103	6	24	4	5
268	3176971264	3176972287	2575433728	2575564799	0	22	15	1
269	1857360384	1857360895	1610612736	1744830463	6	23	5	4
270	1857360384	1857360895	1610612736	1744830463	1	23	5	6
271	3176970752	3176970879	3221225472	4294967295	6	25	2	4
272	3176970752	3176970879	3221225472	4294967295	1	25	2	5
273	3176971264	3176972287	2415919104	2550136831	1	22	5	6
274	3176971264	3176972287	2415919104	2550136831	6	22	5	6
275	3176970968	3176970975	2583691264	2617245695	0	29	7	1
276	1857360128	1857360191	0	2147483647	6	26	1	4
277	1857360128	1857360191	0	2147483647	1	26	1	6
278	150033152	150033215	0	2147483647	6	26	1	4
279	150033152	150033215	0	2147483647	1	26	1	6
280	3898619072	3898619135	0	4294967295	6	26	0	2
281	3898619072	3898619135	0	4294967295	1	26	0	6
282	3176923136	3176955903	2566914048	2575302655	6	17	9	4
283	3176923136	3176955903	2566914048	2575302655	1	17	9	6
284	1857359872	1857360127	0	1073741823	6	24	2	4
285	1857359872	1857360127	0	1073741823	1	24	2	6
286	3176970752	3176970879	2566914048	2575302655	0	25	9	1
287	3176970240	3176970751	3221225472	4294967295	6	23	2	5
288	3176970240	3176970751	3221225472	4294967295	1	23	2	6
289	3176968192	3176970239	2147483648	2415919103	6	21	4	6
290	3176968192	3176970239	2147483648	2415919103	1	21	4	6
291	3176970962	3176970962	3221225472	4294967295	0	32	2	1
292	150033264	150033279	1811939328	1879048191	0	28	6	1
293	0	4294967295	1753219072	1761607679	6	0	9	6
294	3925868544	3959422975	2147483648	4294967295	6	7	1	5
295	3900702720	3909091327	0	4294967295	17	9	0	1
296	3898619017	3898619017	0	4294967295	0	32	0	1
297	3898619136	3898619391	0	4294967295	6	24	0	5
298	3898619136	3898619391	0	4294967295	1	24	0	6
299	3221225472	3758096383	2415919104	2550136831	6	3	5	15
300	3176970976	3176971007	2617245696	2684354559	0	27	6	1
301	1744830464	1811939327	0	1073741823	6	6	2	8
302	1857360896	1857361919	0	1073741823	6	22	2	6
303	1857360896	1857361919	0	1073741823	1	22	2	6
304	1857360248	1857360249	0	1073741823	0	31	2	1
305	0	4294967295	1753219072	1761607679	17	0	9	5
306	3925868544	3959422975	2147483648	4294967295	17	7	1	1
307	3898617856	3898618879	2147483648	4294967295	6	22	1	4
308	3898617856	3898618879	2147483648	4294967295	1	22	1	6
309	3959422976	4026531839	2147483648	4294967295	6	6	1	19
310	3898619392	3898619903	0	4294967295	6	23	0	4
311	3898619392	3898619903	0	4294967295	1	23	0	6
312	3898619016	3898619016	0	4294967295	0	32	0	1
313	3221225472	3758096383	2415919104	2550136831	17	3	5	12
314	3176970880	3176970943	2617245696	2684354559	0	26	6	1
315	3176970976	3176971007	2415919104	2550136831	0	27	5	1
316	3177185280	3179282431	2576351232	2577399807	6	11	12	2
317	3177185280	3179282431	2576351232	2577399807	1	11	12	4
318	1744830464	1811939327	0	1073741823	17	6	2	6
319	1857360252	1857360255	0	1073741823	0	30	2	1
320	150033260	150033261	0	2147483647	0	31	1	1
321	0	4294967295	1778384896	1811939327	6	0	7	29
322	3959422976	4026531839	2147483648	4294967295	17	6	1	12
323	3758096384	3892314111	2147483648	4294967295	6	5	1	39
324	3898619904	3898621951	2147483648	4294967295	6	21	1	5
325	3898619904	3898621951	2147483648	4294967295	1	21	1	6
326	3221225472	4294967295	2147483648	2415919103	6	2	4	16
327	3898619018	3898619019	0	4294967295	0	31	0	1
328	3898619020	3898619023	2147483648	4294967295	0	30	1	1
329	150033256	150033259	0	2147483647	0	30	1	1
330	3176923136	3176955903	2415919104	2550136831	6	17	5	2
331	3176923136	3176955903	2415919104	2550136831	1	17	5	3
332	3176972288	3176988671	2147483648	2415919103	1	18	4	6
333	3176972288	3176988671	2147483648	2415919103	6	18	4	5
334	3176964096	3176968191	3221225472	4294967295	6	20	2	3
335	3176964096	3176968191	3221225472	4294967295	1	20	2	6
336	1857363968	1857372159	1073741824	1610612735	6	19	3	4
337	1857363968	1857372159	1073741824	1610612735	1	19	3	6
338	1857360240	1857360247	0	1073741823	0	29	2	1
339	150033248	150033255	0	1073741823	0	29	2	1
340	1857360192	1857360223	1879048192	2147483647	0	27	4	1
341	149946368	150011903	1811939328	1879048191	6	16	6	5
342	149946368	150011903	1811939328	1879048191	1	16	6	6
343	0	4294967295	1778384896	1811939327	17	0	7	22
344	3758096384	3892314111	2147483648	4294967295	17	5	1	28
345	3898619008	3898619015	2147483648	4294967295	0	29	1	1
346	3221225472	4294967295	2147483648	2415919103	17	2	4	16
347	3176970944	3176970959	3221225472	4294967295	0	28	2	1
348	3176955904	3176964095	3221225472	4294967295	6	19	2	4
349	3176955904	3176964095	3221225472	4294967295	1	19	2	6
350	1857355776	1857359871	0	2147483647	6	20	1	4
351	1857355776	1857359871	0	2147483647	1	20	1	6
352	150033408	150034431	1761607680	1778384895	0	22	8	1
353	150044672	150077439	1879048192	2147483647	1	17	4	6
354	150044672	150077439	1879048192	2147483647	6	17	4	4
355	0	4294967295	1610612736	1744830463	6	0	5	20
356	3898605568	3898613759	2147483648	4294967295	1	19	1	6
357	3898605568	3898613759	2147483648	4294967295	6	19	1	5
358	3177054208	3177185279	2415919104	2550136831	1	15	5	6
359	3177054208	3177185279	2415919104	2550136831	6	15	5	4
360	3176136704	3176660991	2583691264	2617245695	6	13	7	3
361	3176136704	3176660991	2583691264	2617245695	1	13	7	6
362	3176988672	3177054207	2147483648	2415919103	6	16	4	5
363	3176988672	3177054207	2147483648	2415919103	1	16	4	6
364	1857360256	1857360383	1879048192	2147483647	0	25	4	1
365	150033280	150033407	1879048192	2147483647	0	25	4	1
366	1857360224	1857360239	0	2147483647	0	28	1	1
367	150033264	150033279	0	2147483647	0	28	1	1
368	1857372160	1857388543	0	1073741823	1	18	2	6
369	1857372160	1857388543	0	1073741823	6	18	2	4
370	150011904	150028287	0	1073741823	6	18	2	6
371	150011904	150028287	0	1073741823	1	18	2	6
372	150033216	150033247	0	1073741823	0	27	2	1
373	536870912	1073741823	0	2147483647	6	3	1	70
374	0	2147483647	2684354560	3221225471	6	1	3	77
375	0	4294967295	1610612736	1744830463	17	0	5	16
376	0	4294967295	1879048192	2147483647	6	0	4	24
377	150032384	150032895	1811939328	1879048191	0	23	6	1
378	3898619040	3898619071	2147483648	4294967295	0	27	1	1
379	3898621952	3898638335	2147483648	4294967295	6	18	1	6
380	3898621952	3898638335	2147483648	4294967295	1	18	1	6
381	3898619024	3898619039	0	4294967295	0	28	0	1
382	3176971008	3176971263	2147483648	2415919103	0	24	4	1
383	3176660992	3176923135	2415919104	2550136831	1	14	5	6
384	3176660992	3176923135	2415919104	2550136831	6	14	5	4
385	1857388544	1857421311	0	1073741823	6	17	2	4
386	1857388544	1857421311	0	1073741823	1	17	2	5
387	1857360384	1857360895	1610612736	1744830463	0	23	5	1
388	536870912	1073741823	0	2147483647	17	3	1	42
389	0	2147483647	3221225472	4294967295	6	1	2	67
390	0	2147483647	2684354560	3221225471	17	1	3	44
391	0	4294967295	1879048192	2147483647	17	0	4	25
392	0	4294967295	1073741824	1610612735	6	0	3	71
393	3898638336	3898671103	2147483648	4294967295	6	17	1	5
394	3898638336	3898671103	2147483648	4294967295	1	17	1	6
395	3176970752	3176970879	3221225472	4294967295	0	25	2	1
396	3176971264	3176972287	2415919104	2550136831	0	22	5	1
397	1857421312	1857552383	1073741824	1610612735	1	15	3	3
398	1857421312	1857552383	1073741824	1610612735	6	15	3	1
399	150077440	150208511	1073741824	1610612735	6	15	3	3
400	150077440	150208511	1073741824	1610612735	1	15	3	6
401	1857360128	1857360191	0	2147483647	0	26	1	1
402	150033152	150033215	0	2147483647	0	26	1	1
403	1857552384	1858076671	1610612736	1744830463	6	13	5	5
404	1857552384	1858076671	1610612736	1744830463	1	13	5	5
405	150470656	150994943	1610612736	1744830463	6	13	5	2
406	150470656	150994943	1610612736	1744830463	1	13	5	5
407	0	2147483647	3221225472	4294967295	17	1	2	42
408	0	4294967295	1073741824	1610612735	17	0	3	43
409	0	4294967295	0	1073741823	6	0	2	13
410	4026531840	4294967295	1747451904	1747714047	6	4	14	1
411	3898671104	3898736639	2147483648	4294967295	6	16	1	5
412	3898671104	3898736639	2147483648	4294967295	1	16	1	6
413	1857290240	1857355775	0	2147483647	6	16	1	2
414	1857290240	1857355775	0	2147483647	1	16	1	6
415	3898619072	3898619135	0	4294967295	0	26	0	1
416	3176923136	3176955903	2566914048	2575302655	0	17	9	1
417	1857028096	1857290239	1073741824	1610612735	6	14	3	5
418	1857028096	1857290239	1073741824	1610612735	1	14	3	5
419	150208512	150470655	1073741824	1610612735	6	14	3	3
420	150208512	150470655	1073741824	1610612735	1	14	3	5
421	1855979520	1857028095	1610612736	1744830463	6	12	5	4
422	1855979520	1857028095	1610612736	1744830463	1	12	5	5
423	148897792	149946367	1610612736	1744830463	6	12	5	3
424	148897792	149946367	1610612736	1744830463	1	12	5	6
425	1857421312	1857552383	0	1073741823	6	15	2	5
426	1857421312	1857552383	0	1073741823	1	15	2	6
427	1857359872	1857360127	0	1073741823	0	24	2	1
428	146800640	148897791	1811939328	1879048191	1	11	6	6
429	146800640	148897791	1811939328	1879048191	6	11	6	2
430	0	4294967295	0	1073741823	17	0	2	8
431	0	4294967295	2147483648	4294967295	6	0	1	66
432	4026531840	4294967295	1746927616	1747451903	1	4	13	2
433	3898736640	3898867711	2147483648	4294967295	1	15	1	5
434	3898736640	3898867711	2147483648	4294967295	6	15	1	6
435	3221225472	3758096383	2575826944	2576351231	6	3	13	2
436	3221225472	3758096383	2575826944	2576351231	1	3	13	4
437	3175088128	3176136703	2147483648	2415919103	6	12	4	3
438	3175088128	3176136703	2147483648	2415919103	1	12	4	6
439	3176970240	3176970751	3221225472	4294967295	0	23	2	1
440	3176968192	3176970239	2147483648	2415919103	0	21	4	1
441	2147483648	4294967295	1747845120	1747976191	6	1	15	1
442	1845493760	1853882367	1778384896	1811939327	6	9	7	4
443	1845493760	1853882367	1778384896	1811939327	1	9	7	5
444	150994944	167772159	1761607680	1778384895	6	8	8	2
445	150994944	167772159	1761607680	1778384895	1	8	8	4
446	0	4294967295	0	4294967295	6	0	0	129
447	0	4294967295	2147483648	4294967295	17	0	1	40
448	4026531840	4294967295	1747976192	1749024767	1	4	12	1
449	4026531840	4294967295	1747976192	1749024767	6	4	12	1
450	3898867712	3899129855	2147483648	4294967295	6	14	1	2
451	3898867712	3899129855	2147483648	4294967295	1	14	1	6
452	3898619136	3898619391	0	4294967295	0	24	0	1
453	3170893824	3175088127	2415919104	2550136831	6	10	5	3
454	3170893824	3175088127	2415919104	2550136831	1	10	5	5
455	2952790016	3087007743	2579496960	2583691263	6	5	10	5
456	2952790016	3087007743	2579496960	2583691263	1	5	10	6
457	2147483648	4294967295	1747845120	1747976191	1	1	15	1
458	3177185280	3179282431	2147483648	2415919103	1	11	4	5
459	3177185280	3179282431	2147483648	2415919103	6	11	4	2
460	1857360896	1857361919	0	1073741823	0	22	2	1
461	0	4294967295	0	4294967295	17	0	0	44
462	3898617856	3898618879	2147483648	4294967295	0	22	1	1
463	3898619392	3898619903	0	4294967295	0	23	0	1
464	3221225472	3758096383	2577399808	2579496959	6	3	11	2
465	3221225472	3758096383	2577399808	2579496959	1	3	11	5
466	3177185280	3179282431	2576351232	2577399807	0	11	12	1
467	0	4294967295	1747451904	1747714047	1	0	14	1
468	0	4294967295	1747451904	1747714047	6	0	14	1
469	3899654144	3900702719	2147483648	4294967295	6	12	1	3
470	3899654144	3900702719	2147483648	4294967295	1	12	1	5
471	3899129856	3899654143	0	4294967295	1	13	0	5
472	3899129856	3899654143	0	4294967295	6	13	0	3
473	3898619904	3898621951	2147483648	4294967295	0	21	1	1
474	3176972288	3176988671	2147483648	2415919103	0	18	4	1
475	3179282432	3187671039	2147483648	2415919103	6	9	4	1
476	3179282432	3187671039	2147483648	2415919103	1	9	4	6
477	3176964096	3176968191	3221225472	4294967295	0	20	2	1
478	1858076672	1862270975	1073741824	1610612735	6	10	3	2
479	1858076672	1862270975	1073741824	1610612735	1	10	3	5
480	142606336	146800639	1073741824	1610612735	6	10	3	3
481	142606336	146800639	1073741824	1610612735	1	10	3	6
482	1857363968	1857372159	1073741824	1610612735	0	19	3	1
483	150994944	167772159	1610612736	1744830463	6	8	5	3
484	150994944	167772159	1610612736	1744830463	1	8	5	6
485	149946368	150011903	1811939328	1879048191	0	16	6	1
486	0	4294967295	1746927616	1747451903	1	0	13	1
487	0	4294967295	1746927616	1747451903	6	0	13	1
488	4026531840	4294967295	1753219072	1761607679	6	4	9	1
489	3896508416	3898605567	2147483648	4294967295	6	11	1	2
490	3896508416	3898605567	2147483648	4294967295	1	11	1	5
491	1853882368	1855979519	0	2147483647	6	11	1	1
492	1853882368	1855979519	0	2147483647	1	11	1	5
493	3154116608	3170893823	2147483648	2415919103	1	8	4	6
494	3154116608	3170893823	2147483648	2415919103	6	8	4	3
495	3176955904	3176964095	3221225472	4294967295	0	19	2	1
496	1857355776	1857359871	0	2147483647	0	20	1	1
497	150044672	150077439	1879048192	2147483647	0	17	4	1
498	0	4294967295	1747976192	1749024767	1	0	12	2
499	0	4294967295	1747976192	1749024767	6	0	12	2
500	3892314112	3896508415	2147483648	4294967295	1	10	1	4
501	3892314112	3896508415	2147483648	4294967295	6	10	1	3
502	3898605568	3898613759	2147483648	4294967295	0	19	1	1
503	3177054208	3177185279	2415919104	2550136831	0	15	5	1
504	3187671040	3221225471	2147483648	2415919103	6	7	4	5
505	3187671040	3221225471	2147483648	2415919103	1	7	4	6
506	167772160	201326591	1879048192	2147483647	6	7	4	3
507	167772160	201326591	1879048192	2147483647	1	7	4	6
508	3176136704	3176660991	2583691264	2617245695	0	13	7	1
509	3176988672	3177054207	2147483648	2415919103	0	16	4	1
510	2147483648	2684354559	2550136832	2566914047	6	3	8	5
511	2147483648	2684354559	2550136832	2566914047	1	3	8	6
512	1862270976	1879048191	1073741824	1610612735	1	8	3	6
513	1862270976	1879048191	1073741824	1610612735	6	8	3	1
514	1857372160	1857388543	0	1073741823	0	18	2	1
515	150011904	150028287	0	1073741823	0	18	2	1
516	134217728	142606335	0	1073741823	6	9	2	3
517	134217728	142606335	0	1073741823	1	9	2	4
518	201326592	268435455	1610612736	1744830463	6	6	5	6
519	201326592	268435455	1610612736	1744830463	1	6	5	6
520	0	4294967295	1744830464	1746927615	1	0	11	6
521	0	4294967295	1744830464	1746927615	6	0	11	2
522	3898621952	3898638335	2147483648	4294967295	0	18	1	1
523	3176660992	3176923135	2415919104	2550136831	0	14	5	1
524	1857388544	1857421311	0	1073741823	0	17	2	1
525	0	4294967295	1749024768	1753219071	6	0	10	2
526	0	4294967295	1749024768	1753219071	1	0	10	6
527	3900702720	3909091327	0	4294967295	6	9	0	2
528	3900702720	3909091327	0	4294967295	1	9	0	6
529	3898638336	3898671103	2147483648	4294967295	0	17	1	1
530	1857421312	1857552383	1073741824	1610612735	0	15	3	1
531	150077440	150208511	1073741824	1610612735	0	15	3	1
532	1857552384	1858076671	1610612736	1744830463	0	13	5	1
533	150470656	150994943	1610612736	1744830463	0	13	5	1
534	0	4294967295	1753219072	1761607679	1	0	9	6
535	4026531840	4294967295	1747451904	1747714047	0	4	14	1
536	3925868544	3959422975	2147483648	4294967295	1	7	1	6
537	3909091328	3925868543	0	4294967295	1	8	0	6
538	3909091328	3925868543	0	4294967295	6	8	0	4
539	3898671104	3898736639	2147483648	4294967295	0	16	1	1
540	1857290240	1857355775	0	2147483647	0	16	1	1
541	3221225472	3758096383	2415919104	2550136831	1	3	5	5
542	1744830464	1811939327	0	1073741823	1	6	2	5
543	1857028096	1857290239	1073741824	1610612735	0	14	3	1
544	150208512	150470655	1073741824	1610612735	0	14	3	1
545	1855979520	1857028095	1610612736	1744830463	0	12	5	1
546	148897792	149946367	1610612736	1744830463	0	12	5	1
547	1857421312	1857552383	0	1073741823	0	15	2	1
548	146800640	148897791	1811939328	1879048191	0	11	6	1
549	3898736640	3898867711	2147483648	4294967295	0	15	1	1
550	3959422976	4026531839	2147483648	4294967295	1	6	1	6
551	3221225472	3758096383	2575826944	2576351231	0	3	13	1
552	3175088128	3176136703	2147483648	2415919103	0	12	4	1
553	2147483648	4294967295	1747845120	1747976191	0	1	15	1
554	1845493760	1853882367	1778384896	1811939327	0	9	7	1
555	150994944	167772159	1761607680	1778384895	0	8	8	1
556	0	4294967295	1778384896	1811939327	1	0	7	6
557	3898867712	3899129855	2147483648	4294967295	0	14	1	1
558	3758096384	3892314111	2147483648	4294967295	1	5	1	6
559	3221225472	4294967295	2147483648	2415919103	1	2	4	5
560	3170893824	3175088127	2415919104	2550136831	0	10	5	1
561	2952790016	3087007743	2579496960	2583691263	0	5	10	1
562	3177185280	3179282431	2147483648	2415919103	0	11	4	1
563	3221225472	3758096383	2577399808	2579496959	0	3	11	1
564	0	4294967295	1610612736	1744830463	1	0	5	5
565	3899654144	3900702719	2147483648	4294967295	0	12	1	1
566	3899129856	3899654143	0	4294967295	0	13	0	1
567	3179282432	3187671039	2147483648	2415919103	0	9	4	1
568	1858076672	1862270975	1073741824	1610612735	0	10	3	1
569	142606336	146800639	1073741824	1610612735	0	10	3	1
570	150994944	167772159	1610612736	1744830463	0	8	5	1
571	536870912	1073741823	0	2147483647	1	3	1	6
572	0	2147483647	2684354560	3221225471	1	1	3	6
573	0	4294967295	1879048192	2147483647	1	0	4	6
574	3896508416	3898605567	2147483648	4294967295	0	11	1	1
575	1853882368	1855979519	0	2147483647	0	11	1	1
576	3154116608	3170893823	2147483648	2415919103	0	8	4	1
577	0	2147483647	3221225472	4294967295	1	1	2	6
578	0	4294967295	1073741824	1610612735	1	0	3	6
579	3892314112	3896508415	2147483648	4294967295	0	10	1	1
580	3187671040	3221225471	2147483648	2415919103	0	7	4	1
581	167772160	201326591	1879048192	2147483647	0	7	4	1
582	2147483648	2684354559	2550136832	2566914047	0	3	8	1
583	1862270976	1879048191	1073741824	1610612735	0	8	3	1
584	134217728	142606335	0	1073741823	0	9	2	1
585	201326592	268435455	1610612736	1744830463	0	6	5	1
586	0	4294967295	1744830464	1746927615	0	0	11	1
587	0	4294967295	0	1073741823	1	0	2	2
588	0	4294967295	1749024768	1753219071	0	0	10	1
589	0	4294967295	2147483648	4294967295	1	0	1	6
590	3900702720	3909091327	0	4294967295	0	9	0	1
591	0	4294967295	1753219072	1761607679	0	0	9	1
592	0	4294967295	0	4294967295	1	0	0	6
593	3925868544	3959422975	2147483648	4294967295	0	7	1	1
594	3909091328	3925868543	0	4294967295	0	8	0	1
595	3221225472	3758096383	2415919104	2550136831	0	3	5	1
596	1744830464	1811939327	0	1073741823	0	6	2	1
597	3959422976	4026531839	2147483648	4294967295	0	6	1	1
598	0	4294967295	1778384896	1811939327	0	0	7	1
599	3758096384	3892314111	2147483648	4294967295	0	5	1	1
600	3221225472	4294967295	2147483648	2415919103	0	2	4	1
601	0	4294967295	1610612736	1744830463	0	0	5	1
602	536870912	1073741823	0	2147483647	0	3	1	1
603	0	2147483647	2684354560	3221225471	0	1	3	1
604	0	4294967295	1879048192	2147483647	0	0	4	1
605	0	2147483647	3221225472	4294967295	0	1	2	1
606	0	4294967295	1073741824	1610612735	0	0	3	1
607	0	4294967295	0	1073741823	0	0	2	1
608	0	4294967295	2147483648	4294967295	0	0	1	1
609	0	4294967295	0	4294967295	0	0	0	1
