Merged IP Table (623 entries):
Idx	SrcIP_lo	SrcIP_hi	DstIP_lo	DstIP_hi	Proto	SrcMask	DstMask	MergedCount
0	3166859611	3166859611	4292134188	4292134188	1	32	32	8
1	3166859611	3166859611	4292134188	4292134188	2	32	32	7
2	874485780	874485781	2087110162	2087110162	2	31	32	7
3	874485780	874485781	2087110162	2087110162	1	31	32	7
4	874485780	874485781	2087110163	2087110163	1	31	32	6
5	874485780	874485781	2087110163	2087110163	2	31	32	6
6	3166859610	3166859610	4292134184	4292134187	2	32	30	7
7	3166859610	3166859610	4292134184	4292134187	1	32	30	7
8	874485783	874485783	2087110168	2087110175	2	32	29	7
9	874485783	874485783	2087110168	2087110175	1	32	29	7
10	874485783	874485783	2087110144	2087110159	2	32	28	7
11	874485783	874485783	2087110144	2087110159	1	32	28	7
12	3166859584	3166859599	4292134189	4292134189	2	28	32	7
13	3166859584	3166859599	4292134189	4292134189	1	28	32	7
14	3166859608	3166859609	4292134176	4292134183	2	31	29	7
15	3166859608	3166859609	4292134176	4292134183	1	31	29	7
16	3166859608	3166859609	4292134192	4292134207	2	31	28	7
17	3166859608	3166859609	4292134192	4292134207	1	31	28	7
18	3166859611	3166859611	4292134188	4292134188	0	32	32	7
19	874485784	874485791	2087110144	2087110159	1	29	28	5
20	874485784	874485791	2087110144	2087110159	2	29	28	5
21	874485824	874485887	2087110160	2087110161	1	26	31	6
22	874485824	874485887	2087110160	2087110161	2	26	31	7
23	874485780	874485781	2087110162	2087110162	0	31	32	7
24	874485780	874485781	2087110163	2087110163	0	31	32	5
25	3166859610	3166859610	4292134184	4292134187	0	32	30	7
26	874485783	874485783	2087110168	2087110175	0	32	29	8
27	874485824	874485887	2087110176	2087110207	2	26	27	1
28	874485824	874485887	2087110176	2087110207	1	26	27	1
29	874485783	874485783	2087110144	2087110159	0	32	28	6
30	3166859584	3166859599	4292134189	4292134189	0	28	32	8
31	3166859608	3166859609	4292134176	4292134183	0	31	29	7
32	3166859608	3166859609	4292134192	4292134207	0	31	28	6
33	3166859611	3166859611	4292134188	4292134188	4	32	32	1
34	3166859611	3166859611	4292134188	4292134188	3	32	32	1
35	874485784	874485791	2087110144	2087110159	0	29	28	5
36	874485824	874485887	2087110160	2087110161	0	26	31	3
37	874485780	874485781	2087110162	2087110162	4	31	32	1
38	874485780	874485781	2087110162	2087110162	3	31	32	1
39	874485780	874485781	2087110163	2087110163	4	31	32	1
40	3166859610	3166859610	4292134184	4292134187	4	32	30	1
41	3166859610	3166859610	4292134184	4292134187	3	32	30	1
42	874485783	874485783	2087110168	2087110175	4	32	29	1
43	874485783	874485783	2087110168	2087110175	3	32	29	1
44	874485783	874485783	2087110144	2087110159	3	32	28	1
45	874485783	874485783	2087110144	2087110159	4	32	28	1
46	3166859584	3166859599	4292134189	4292134189	4	28	32	1
47	3166859584	3166859599	4292134189	4292134189	3	28	32	1
48	3166859608	3166859609	4292134176	4292134183	4	31	29	1
49	3166859608	3166859609	4292134176	4292134183	3	31	29	1
50	3166859608	3166859609	4292134192	4292134207	4	31	28	1
51	3166859608	3166859609	4292134192	4292134207	3	31	28	1
52	3166859584	3166859599	4292134188	4292134188	0	28	32	1
53	874485784	874485791	2087110144	2087110159	4	29	28	1
54	874485784	874485791	2087110144	2087110159	3	29	28	1
55	874485824	874485887	2087110160	2087110161	4	26	31	1
56	874485824	874485887	2087110160	2087110161	3	26	31	1
57	874486016	874486271	2087110162	2087110162	0	24	32	1
58	3166861312	3166863359	4292134188	4292134188	4	21	32	1
59	3166861312	3166863359	4292134188	4292134188	3	21	32	1
60	874485824	874485887	2087110176	2087110207	4	26	27	1
61	874485824	874485887	2087110176	2087110207	3	26	27	1
62	3166861312	3166863359	4292134189	4292134189	4	21	32	1
63	3166861312	3166863359	4292134189	4292134189	3	21	32	1
64	3166861312	3166863359	4292134190	4292134191	4	21	31	1
65	3166861312	3166863359	4292134190	4292134191	3	21	31	1
66	874485782	874485782	0	4294967295	2	32	0	9
67	874485824	874485887	2088763392	2097151999	2	26	9	7
68	874485824	874485887	2088763392	2097151999	1	26	9	5
69	874485784	874485791	1879048192	2013265919	2	29	5	8
70	874485784	874485791	1879048192	2013265919	1	29	5	7
71	3166861312	3166863359	4292345856	4292870143	2	21	13	1
72	874485782	874485782	0	4294967295	1	32	0	7
73	3166859600	3166859607	3758096384	4026531839	2	29	4	8
74	3166859600	3166859607	3758096384	4026531839	1	29	4	8
75	3166859610	3166859610	2147483648	4294967295	1	32	1	4
76	3166859610	3166859610	2147483648	4294967295	2	32	1	5
77	3166861312	3166863359	4292134192	4292134207	4	21	28	1
78	3166861312	3166863359	4292134192	4292134207	3	21	28	1
79	874485776	874485779	0	1073741823	2	30	2	8
80	874485776	874485779	0	1073741823	1	30	2	8
81	3166861312	3166863359	4292870144	4294967295	2	21	11	7
82	3166861312	3166863359	4292870144	4294967295	1	21	11	6
83	3166863360	3166896127	4292134190	4292134191	4	17	31	1
84	3166863360	3166896127	4292134190	4292134191	3	17	31	1
85	874485792	874485823	1610612736	1879048191	1	27	4	8
86	874485792	874485823	1610612736	1879048191	2	27	4	8
87	3166859648	3166859775	4160749568	4227858431	1	25	6	8
88	3166859648	3166859775	4160749568	4227858431	2	25	6	8
89	3166859612	3166859615	2147483648	4294967295	2	30	1	8
90	3166859612	3166859615	2147483648	4294967295	1	30	1	8
91	3166859608	3166859609	0	4294967295	2	31	0	6
92	3166859608	3166859609	0	4294967295	1	31	0	4
93	3166861312	3166863359	4292134208	4292134271	4	21	26	1
94	3166861312	3166863359	4292134208	4292134271	3	21	26	1
95	3166861312	3166863359	4286578688	4290772991	1	21	10	5
96	3166861312	3166863359	4286578688	4290772991	2	21	10	7
97	3166863360	3166896127	4291821568	4292083711	2	17	14	2
98	3166863360	3166896127	4291821568	4292083711	1	17	14	1
99	3166896128	3166961663	4292134190	4292134191	4	16	31	1
100	3166896128	3166961663	4292134190	4292134191	3	16	31	1
101	3166861312	3166863359	4292134188	4292134188	0	21	32	1
102	3166863360	3166896127	4292345856	4292870143	2	17	13	6
103	3166863360	3166896127	4292345856	4292870143	1	17	13	2
104	3166896128	3166961663	4291821568	4292083711	2	16	14	1
105	3166896128	3166961663	4291821568	4292083711	1	16	14	2
106	874485824	874485887	2087110176	2087110207	0	26	27	1
107	3166961664	3167223807	4292134190	4292134191	4	14	31	1
108	3166859616	3166859647	2147483648	3221225471	1	27	2	8
109	3166859616	3166859647	2147483648	3221225471	2	27	2	8
110	3166859520	3166859583	3221225472	3758096383	2	26	3	8
111	3166859520	3166859583	3221225472	3758096383	1	26	3	8
112	3166861312	3166863359	4292133888	4292134143	4	21	24	1
113	3166861312	3166863359	4292134189	4292134189	0	21	32	1
114	3166861312	3166863359	4261412864	4278190079	1	21	8	8
115	3166861312	3166863359	4261412864	4278190079	2	21	8	8
116	3166863360	3166896127	4290772992	4291821567	2	17	12	4
117	3166863360	3166896127	4290772992	4291821567	1	17	12	4
118	3166896128	3166961663	4292345856	4292870143	1	16	13	2
119	3166896128	3166961663	4292345856	4292870143	2	16	13	1
120	3167223808	3167748095	2087110163	2087110163	4	13	32	1
121	874485760	874485775	0	4294967295	2	28	0	8
122	874485760	874485775	0	4294967295	1	28	0	8
123	3167223808	3167748095	4292134190	4292134191	4	13	31	1
124	3166860288	3166861311	4160749568	4227858431	2	22	6	8
125	3166860288	3166861311	4160749568	4227858431	1	22	6	8
126	3166861312	3166863359	4292134190	4292134191	0	21	31	1
127	3166861312	3166863359	4227858432	4261412863	1	21	7	7
128	3166861312	3166863359	4227858432	4261412863	2	21	7	8
129	3167748096	3168796671	2087110163	2087110163	4	12	32	1
130	874486272	874486783	1610612736	1879048191	2	23	4	8
131	874486272	874486783	1610612736	1879048191	1	23	4	8
132	874485824	874485887	2088763392	2097151999	0	26	9	2
133	3167748096	3168796671	4292134190	4292134191	4	12	31	1
134	3166863360	3166896127	4292134208	4292134271	4	17	26	1
135	3166863360	3166896127	4292134208	4292134271	3	17	26	1
136	3168796672	3170893823	2087110163	2087110163	4	11	32	1
137	3167223808	3167748095	2087110164	2087110167	4	13	30	1
138	874485888	874486015	0	2147483647	2	25	1	8
139	874485888	874486015	0	2147483647	1	25	1	8
140	3166859648	3166859775	2147483648	4294967295	2	25	1	8
141	3166859648	3166859775	2147483648	4294967295	1	25	1	8
142	874485784	874485791	1879048192	2013265919	0	29	5	6
143	874485824	874485887	0	4294967295	2	26	0	8
144	874485824	874485887	0	4294967295	1	26	0	7
145	3168796672	3170893823	4292134190	4292134191	4	11	31	1
146	3168796672	3170893823	4292134190	4292134191	3	11	31	1
147	3166860288	3166861311	3758096384	4026531839	1	22	4	8
148	3166860288	3166861311	3758096384	4026531839	2	22	4	8
149	874485782	874485782	0	4294967295	0	32	0	7
150	874486016	874486271	0	2147483647	2	24	1	8
151	874486016	874486271	0	2147483647	1	24	1	8
152	3166859600	3166859607	3758096384	4026531839	0	29	4	7
153	3166860288	3166861311	3221225472	3758096383	1	22	3	8
154	3166860288	3166861311	3221225472	3758096383	2	22	3	8
155	3166859610	3166859610	2147483648	4294967295	0	32	1	1
156	3166859776	3166860287	2147483648	3221225471	1	23	2	8
157	3166859776	3166860287	2147483648	3221225471	2	23	2	8
158	3166861312	3166863359	4292136960	4292141055	4	21	20	1
159	3166861312	3166863359	4292136960	4292141055	3	21	20	1
160	3166861312	3166863359	4292134192	4292134207	0	21	28	1
161	874485776	874485779	0	1073741823	0	30	2	6
162	874486272	874486783	0	2147483647	2	23	1	8
163	874486272	874486783	0	2147483647	1	23	1	8
164	874483712	874485759	1073741824	1610612735	2	21	3	8
165	874483712	874485759	1073741824	1610612735	1	21	3	8
166	3166861312	3166863359	3221225472	3758096383	2	21	3	8
167	3166861312	3166863359	3221225472	3758096383	1	21	3	8
168	3166860288	3166861311	2147483648	3221225471	1	22	2	7
169	3166860288	3166861311	2147483648	3221225471	2	22	2	8
170	3166846976	3166855167	4026531840	4160749567	2	19	5	8
171	3166846976	3166855167	4026531840	4160749567	1	19	5	8
172	3166861312	3166863359	4292141056	4292149247	4	21	19	1
173	3166861312	3166863359	4292141056	4292149247	3	21	19	1
174	3166861312	3166863359	4292870144	4294967295	0	21	11	3
175	3166859264	3166859519	0	4294967295	1	24	0	8
176	3166859264	3166859519	0	4294967295	2	24	0	8
177	3166863360	3166896127	4292134190	4292134191	0	17	31	1
178	874486272	874486783	0	4294967295	2	23	0	7
179	874486272	874486783	0	4294967295	1	23	0	6
180	874485792	874485823	1610612736	1879048191	0	27	4	8
181	3154116608	3162505215	4292134184	4292134187	3	9	30	1
182	3154116608	3162505215	4292134184	4292134187	4	9	30	1
183	3166859648	3166859775	4160749568	4227858431	0	25	6	7
184	3166859612	3166859615	2147483648	4294967295	0	30	1	7
185	3166859608	3166859609	0	4294967295	0	31	0	3
186	3166861312	3166863359	4292134208	4292134271	0	21	26	1
187	3166861312	3166863359	4286578688	4290772991	0	21	10	4
188	3166896128	3166961663	4292134190	4292134191	0	16	31	1
189	3187671040	3221225471	2087110163	2087110163	4	7	32	1
190	874483712	874485759	0	2147483647	1	21	1	8
191	874483712	874485759	0	2147483647	2	21	1	7
192	3166861312	3166863359	2147483648	4294967295	2	21	1	8
193	3166861312	3166863359	2147483648	4294967295	1	21	1	8
194	874486784	874487807	0	4294967295	1	22	0	8
195	874486784	874487807	0	4294967295	2	22	0	8
196	874381312	874446847	2013265920	2080374783	2	16	6	8
197	874381312	874446847	2013265920	2080374783	1	16	6	8
198	3187671040	3221225471	4292134190	4292134191	4	7	31	1
199	3187671040	3221225471	4292134190	4292134191	3	7	31	1
200	3166863360	3166896127	4292345856	4292870143	0	17	13	1
201	874487808	874495999	0	1073741823	2	19	2	8
202	874487808	874495999	0	1073741823	1	19	2	8
203	874381312	874446847	1879048192	2013265919	2	16	5	8
204	874381312	874446847	1879048192	2013265919	1	16	5	7
205	3166961664	3167223807	4292134190	4292134191	0	14	31	1
206	3166859616	3166859647	2147483648	3221225471	0	27	2	7
207	3166859520	3166859583	3221225472	3758096383	0	26	3	7
208	3166861312	3166863359	4292133888	4292134143	0	21	24	1
209	3166861312	3166863359	4261412864	4278190079	0	21	8	7
210	3166863360	3166896127	4292136960	4292141055	4	17	20	1
211	3166863360	3166896127	4292136960	4292141055	3	17	20	1
212	3166863360	3166896127	4290772992	4291821567	0	17	12	1
213	3166896128	3166961663	4292345856	4292870143	0	16	13	2
214	874485760	874485775	0	4294967295	0	28	0	7
215	939524096	1073741823	2087110160	2087110161	3	5	31	1
216	939524096	1073741823	2087110160	2087110161	4	5	31	1
217	874479616	874483711	0	4294967295	2	20	0	8
218	874479616	874483711	0	4294967295	1	20	0	8
219	3166855168	3166859263	0	4294967295	1	20	0	8
220	3166855168	3166859263	0	4294967295	2	20	0	8
221	874496000	874512383	0	1073741823	1	18	2	8
222	874496000	874512383	0	1073741823	2	18	2	8
223	3167223808	3167748095	4292134190	4292134191	0	13	31	1
224	3166860288	3166861311	4160749568	4227858431	0	22	6	5
225	3166846976	3166855167	2147483648	4294967295	2	19	1	8
226	3166846976	3166855167	2147483648	4294967295	1	19	1	8
227	3166861312	3166863359	4227858432	4261412863	0	21	7	5
228	3166863360	3166896127	4292141056	4292149247	4	17	19	1
229	3166896128	3166961663	4292136960	4292141055	4	16	20	1
230	3166896128	3166961663	4292136960	4292141055	3	16	20	1
231	874446848	874479615	0	1073741823	1	17	2	8
232	874446848	874479615	0	1073741823	2	17	2	8
233	874486272	874486783	1610612736	1879048191	0	23	4	7
234	874485824	874485887	2088763392	2097151999	4	26	9	1
235	3167748096	3168796671	4292134190	4292134191	0	12	31	1
236	3166863360	3166896127	4292134208	4292134271	0	17	26	1
237	3166896128	3166961663	4292141056	4292149247	3	16	19	1
238	3166896128	3166961663	4292141056	4292149247	4	16	19	1
239	3167223808	3167748095	2087110164	2087110167	0	13	30	1
240	874485888	874486015	0	2147483647	0	25	1	7
241	3166859648	3166859775	2147483648	4294967295	0	25	1	8
242	874485784	874485791	1879048192	2013265919	4	29	5	1
243	874496000	874512383	0	4294967295	1	18	0	8
244	874496000	874512383	0	4294967295	2	18	0	8
245	3166830592	3166846975	0	4294967295	1	18	0	8
246	3166830592	3166846975	0	4294967295	2	18	0	8
247	874485824	874485887	0	4294967295	0	26	0	5
248	3168796672	3170893823	4292134190	4292134191	0	11	31	1
249	3166961664	3167223807	4292136960	4292141055	4	14	20	1
250	3166860288	3166861311	3758096384	4026531839	0	22	4	7
251	3166863360	3166896127	2147483648	4294967295	2	17	1	8
252	3166863360	3166896127	2147483648	4294967295	1	17	1	8
253	873988096	874250239	1073741824	1610612735	1	14	3	8
254	873988096	874250239	1073741824	1610612735	2	14	3	8
255	874486016	874486271	0	2147483647	0	24	1	8
256	3166961664	3167223807	4292141056	4292149247	3	14	19	1
257	3166961664	3167223807	4292141056	4292149247	4	14	19	1
258	3167223808	3167748095	4292136960	4292141055	4	13	20	1
259	3166859600	3166859607	3758096384	4026531839	4	29	4	1
260	3166859600	3166859607	3758096384	4026531839	3	29	4	1
261	3166860288	3166861311	3221225472	3758096383	0	22	3	7
262	3166699520	3166830591	2147483648	3221225471	1	15	2	8
263	3166699520	3166830591	2147483648	3221225471	2	15	2	8
264	3166859776	3166860287	2147483648	3221225471	0	23	2	8
265	2147483648	4294967295	2087110163	2087110163	4	1	32	1
266	3166861312	3166863359	4292136960	4292141055	0	21	20	1
267	3166896128	3166961663	2147483648	4294967295	1	16	1	8
268	3166896128	3166961663	2147483648	4294967295	2	16	1	8
269	874250240	874381311	0	2147483647	2	15	1	8
270	874250240	874381311	0	2147483647	1	15	1	8
271	874485776	874485779	0	1073741823	4	30	2	1
272	874486272	874486783	0	2147483647	0	23	1	7
273	874512384	876609535	1879048192	2013265919	1	11	5	8
274	874512384	876609535	1879048192	2013265919	2	11	5	8
275	874483712	874485759	1073741824	1610612735	0	21	3	7
276	3166861312	3166863359	3221225472	3758096383	0	21	3	6
277	3167223808	3167748095	4292141056	4292149247	4	13	19	1
278	3167748096	3168796671	4292136960	4292141055	3	12	20	1
279	3167748096	3168796671	4292136960	4292141055	4	12	20	1
280	3166860288	3166861311	2147483648	3221225471	0	22	2	4
281	0	4294967295	2087110163	2087110163	4	0	32	1
282	0	4294967295	2087110163	2087110163	3	0	32	1
283	2147483648	4294967295	2087110160	2087110161	4	1	31	1
284	2147483648	4294967295	2087110160	2087110161	3	1	31	1
285	3166846976	3166855167	4026531840	4160749567	0	19	5	7
286	3166861312	3166863359	4292141056	4292149247	0	21	19	1
287	3166861312	3166863359	4292870144	4294967295	4	21	11	1
288	3166859264	3166859519	0	4294967295	0	24	0	8
289	874486272	874486783	0	4294967295	0	23	0	5
290	874485792	874485823	1610612736	1879048191	4	27	4	1
291	874485792	874485823	1610612736	1879048191	3	27	4	1
292	3154116608	3162505215	4292134184	4292134187	0	9	30	1
293	3168796672	3170893823	4292136960	4292141055	4	11	20	1
294	3168796672	3170893823	4292136960	4292141055	3	11	20	1
295	3166961664	3167223807	2147483648	4294967295	2	14	1	8
296	3166961664	3167223807	2147483648	4294967295	1	14	1	7
297	3166859648	3166859775	4160749568	4227858431	4	25	6	1
298	3166859648	3166859775	4160749568	4227858431	3	25	6	1
299	3166859612	3166859615	2147483648	4294967295	4	30	1	1
300	3166859612	3166859615	2147483648	4294967295	3	30	1	1
301	3167748096	3168796671	4292141056	4292149247	4	12	19	1
302	3167748096	3168796671	4292141056	4292149247	3	12	19	1
303	0	4294967295	2087110160	2087110161	4	0	31	1
304	0	4294967295	2087110160	2087110161	3	0	31	1
305	2147483648	4294967295	2087110164	2087110167	4	1	30	1
306	2147483648	4294967295	2087110164	2087110167	3	1	30	1
307	3166861312	3166863359	4286578688	4290772991	4	21	10	1
308	3166896128	3166961663	4292214784	4292345855	4	16	15	1
309	874512384	876609535	2087116800	2087124991	4	11	19	1
310	3168796672	3170893823	4292141056	4292149247	4	11	19	1
311	3168796672	3170893823	4292141056	4292149247	3	11	19	1
312	874483712	874485759	0	2147483647	0	21	1	5
313	3166861312	3166863359	2147483648	4294967295	0	21	1	3
314	874486784	874487807	0	4294967295	0	22	0	8
315	874381312	874446847	2013265920	2080374783	0	16	6	6
316	3167223808	3167748095	2147483648	4294967295	1	13	1	5
317	3167223808	3167748095	2147483648	4294967295	2	13	1	5
318	3187671040	3221225471	4292134190	4292134191	0	7	31	1
319	0	4294967295	2087110164	2087110167	4	0	30	1
320	0	4294967295	2087110164	2087110167	3	0	30	1
321	3166863360	3166896127	4292345856	4292870143	3	17	13	1
322	3166863360	3166896127	4292345856	4292870143	4	17	13	1
323	3166896128	3166961663	4291821568	4292083711	4	16	14	1
324	876609536	880803839	2087116800	2087124991	4	10	19	1
325	876609536	880803839	2087116800	2087124991	3	10	19	1
326	873463808	873988095	0	4294967295	2	13	0	8
327	873463808	873988095	0	4294967295	1	13	0	8
328	874487808	874495999	0	1073741823	0	19	2	7
329	874381312	874446847	1879048192	2013265919	0	16	5	4
330	3166961664	3167223807	4292214784	4292345855	4	14	15	1
331	3166961664	3167223807	4292214784	4292345855	3	14	15	1
332	3162505216	3166699519	3221225472	3758096383	1	10	3	7
333	3162505216	3166699519	3221225472	3758096383	2	10	3	7
334	3166859616	3166859647	2147483648	3221225471	4	27	2	1
335	3166859616	3166859647	2147483648	3221225471	3	27	2	1
336	3166859520	3166859583	3221225472	3758096383	4	26	3	1
337	3166859520	3166859583	3221225472	3758096383	3	26	3	1
338	3166861312	3166863359	4261412864	4278190079	4	21	8	1
339	3166861312	3166863359	4261412864	4278190079	3	21	8	1
340	3166863360	3166896127	4292136960	4292141055	0	17	20	1
341	872415232	873463807	0	4294967295	2	12	0	8
342	872415232	873463807	0	4294967295	1	12	0	7
343	874485760	874485775	0	4294967295	4	28	0	1
344	874485760	874485775	0	4294967295	3	28	0	1
345	939524096	1073741823	2087110160	2087110161	0	5	31	1
346	874479616	874483711	0	4294967295	0	20	0	8
347	3166855168	3166859263	0	4294967295	0	20	0	7
348	874496000	874512383	0	1073741823	0	18	2	5
349	0	2147483647	4292134144	4292134175	4	1	27	1
350	0	2147483647	4292134144	4292134175	3	1	27	1
351	3170893824	3187671039	4292136960	4292141055	4	8	20	1
352	3170893824	3187671039	4292136960	4292141055	3	8	20	1
353	3166961664	3167223807	4291821568	4292083711	4	14	14	1
354	3166961664	3167223807	4291821568	4292083711	3	14	14	1
355	3166860288	3166861311	4160749568	4227858431	4	22	6	1
356	3166860288	3166861311	4160749568	4227858431	3	22	6	1
357	3166846976	3166855167	2147483648	4294967295	0	19	1	7
358	3166861312	3166863359	4227858432	4261412863	3	21	7	1
359	3166861312	3166863359	4227858432	4261412863	4	21	7	1
360	3166863360	3166896127	4292141056	4292149247	0	17	19	1
361	3166896128	3166961663	4292136960	4292141055	0	16	20	1
362	874446848	874479615	0	1073741823	0	17	2	7
363	874486272	874486783	1610612736	1879048191	4	23	4	1
364	874486272	874486783	1610612736	1879048191	3	23	4	1
365	939524096	1073741823	2087108608	2087109631	4	5	22	1
366	1073741824	2147483647	2087110272	2087110399	4	2	25	1
367	1073741824	2147483647	2087110272	2087110399	3	2	25	1
368	3187671040	3221225471	4292136960	4292141055	4	7	20	1
369	2147483648	2684354559	4292133888	4292134143	4	3	24	1
370	2147483648	2684354559	4292133888	4292134143	3	3	24	1
371	3166896128	3166961663	4292141056	4292149247	0	16	19	1
372	876609536	880803839	2087124992	2087190527	4	10	16	1
373	876609536	880803839	2087124992	2087190527	3	10	16	1
374	3162505216	3166699519	4292149248	4292214783	4	10	16	1
375	3162505216	3166699519	4292149248	4292214783	3	10	16	1
376	874485888	874486015	0	2147483647	4	25	1	1
377	874485888	874486015	0	2147483647	3	25	1	1
378	3166859648	3166859775	2147483648	4294967295	4	25	1	1
379	3166859648	3166859775	2147483648	4294967295	3	25	1	1
380	874496000	874512383	0	4294967295	0	18	0	7
381	3166830592	3166846975	0	4294967295	0	18	0	8
382	874485824	874485887	0	4294967295	4	26	0	1
383	874485824	874485887	0	4294967295	3	26	0	1
384	3154116608	3162505215	4292083712	4292116479	3	9	17	1
385	3154116608	3162505215	4292083712	4292116479	4	9	17	1
386	2684354560	2952790015	4292132864	4292133887	4	4	22	1
387	2684354560	2952790015	4292132864	4292133887	3	4	22	1
388	3087007744	3154116607	4292136960	4292141055	4	6	20	1
389	3087007744	3154116607	4292136960	4292141055	3	6	20	1
390	3166961664	3167223807	4292136960	4292141055	0	14	20	1
391	3166860288	3166861311	3758096384	4026531839	4	22	4	1
392	3166860288	3166861311	3758096384	4026531839	3	22	4	1
393	0	4294967295	2087110208	2087110271	3	0	26	1
394	0	4294967295	2087110208	2087110271	4	0	26	1
395	3166863360	3166896127	2147483648	4294967295	0	17	1	6
396	905969664	939524095	2087092224	2087108607	4	7	18	1
397	905969664	939524095	2087092224	2087108607	3	7	18	1
398	880803840	889192447	0	4294967295	2	9	0	8
399	880803840	889192447	0	4294967295	1	9	0	8
400	873988096	874250239	1073741824	1610612735	0	14	3	5
401	874486016	874486271	0	2147483647	4	24	1	1
402	874486016	874486271	0	2147483647	3	24	1	1
403	1073741824	2147483647	2087109632	2087110143	4	2	23	1
404	1073741824	2147483647	2087109632	2087110143	3	2	23	1
405	3166961664	3167223807	4292141056	4292149247	0	14	19	1
406	3167223808	3167748095	4292136960	4292141055	0	13	20	1
407	3166860288	3166861311	3221225472	3758096383	4	22	3	1
408	3166860288	3166861311	3221225472	3758096383	3	22	3	1
409	0	4294967295	2087110272	2087110399	4	0	25	1
410	0	4294967295	2087110272	2087110399	3	0	25	1
411	0	4294967295	4292134272	4292134399	4	0	25	1
412	0	4294967295	4292134272	4292134399	3	0	25	1
413	3166699520	3166830591	2147483648	3221225471	0	15	2	7
414	3166859776	3166860287	2147483648	3221225471	4	23	2	1
415	3166859776	3166860287	2147483648	3221225471	3	23	2	1
416	2147483648	4294967295	2087110163	2087110163	0	1	32	1
417	3166896128	3166961663	2147483648	4294967295	0	16	1	6
418	874250240	874381311	0	2147483647	0	15	1	5
419	874486272	874486783	0	2147483647	4	23	1	1
420	874486272	874486783	0	2147483647	3	23	1	1
421	874512384	876609535	1879048192	2013265919	0	11	5	4
422	0	536870911	2087110656	2087112703	4	3	21	1
423	0	536870911	2087110656	2087112703	3	3	21	1
424	0	2147483647	4292134400	4292134911	4	1	23	1
425	0	2147483647	4292134400	4292134911	3	1	23	1
426	874483712	874485759	1073741824	1610612735	4	21	3	1
427	874483712	874485759	1073741824	1610612735	3	21	3	1
428	3166861312	3166863359	3221225472	3758096383	4	21	3	1
429	3166861312	3166863359	3221225472	3758096383	3	21	3	1
430	3167223808	3167748095	4292141056	4292149247	0	13	19	1
431	3167748096	3168796671	4292136960	4292141055	0	12	20	1
432	3166860288	3166861311	2147483648	3221225471	4	22	2	1
433	3166860288	3166861311	2147483648	3221225471	3	22	2	1
434	0	4294967295	2087110163	2087110163	0	0	32	1
435	0	4294967295	2087110400	2087110655	4	0	24	1
436	0	4294967295	2087110400	2087110655	3	0	24	1
437	2147483648	4294967295	2087110160	2087110161	0	1	31	1
438	3166846976	3166855167	4026531840	4160749567	3	19	5	1
439	3166846976	3166855167	4026531840	4160749567	4	19	5	1
440	3166859264	3166859519	0	4294967295	4	24	0	1
441	3166859264	3166859519	0	4294967295	3	24	0	1
442	874486272	874486783	0	4294967295	4	23	0	1
443	874486272	874486783	0	4294967295	3	23	0	1
444	0	536870911	2087112704	2087116799	4	3	20	1
445	0	536870911	2087112704	2087116799	3	3	20	1
446	0	2147483647	4292132864	4292133887	4	1	22	1
447	0	2147483647	4292132864	4292133887	3	1	22	1
448	2684354560	2952790015	4292141056	4292149247	4	4	19	1
449	2684354560	2952790015	4292141056	4292149247	3	4	19	1
450	3168796672	3170893823	4292136960	4292141055	0	11	20	1
451	3166961664	3167223807	2147483648	4294967295	0	14	1	7
452	3167748096	3168796671	4292141056	4292149247	0	12	19	1
453	0	4294967295	2087110160	2087110161	0	0	31	1
454	2147483648	4294967295	2087110164	2087110167	0	1	30	1
455	3166863360	3166896127	4291821568	4292083711	0	17	14	1
456	3166896128	3166961663	4292214784	4292345855	0	16	15	1
457	874512384	876609535	2087116800	2087124991	0	11	19	1
458	3168796672	3170893823	4292141056	4292149247	0	11	19	1
459	874483712	874485759	0	2147483647	4	21	1	1
460	874483712	874485759	0	2147483647	3	21	1	1
461	3166861312	3166863359	2147483648	4294967295	3	21	1	1
462	3166861312	3166863359	2147483648	4294967295	4	21	1	1
463	874486784	874487807	0	4294967295	4	22	0	1
464	874486784	874487807	0	4294967295	3	22	0	1
465	874381312	874446847	2013265920	2080374783	4	16	6	1
466	874381312	874446847	2013265920	2080374783	3	16	6	1
467	0	4294967295	2087110164	2087110167	0	0	30	1
468	0	4294967295	2087108608	2087109631	4	0	22	1
469	0	4294967295	2087108608	2087109631	3	0	22	1
470	2147483648	4294967295	2087110656	2087112703	4	1	21	1
471	2147483648	4294967295	2087110656	2087112703	3	1	21	1
472	3166896128	3166961663	4291821568	4292083711	0	16	14	1
473	3167223808	3167748095	2088763392	2097151999	4	13	9	1
474	876609536	880803839	2087116800	2087124991	0	10	19	1
475	873463808	873988095	0	4294967295	0	13	0	4
476	874487808	874495999	0	1073741823	4	19	2	1
477	874487808	874495999	0	1073741823	3	19	2	1
478	874381312	874446847	1879048192	2013265919	4	16	5	1
479	874381312	874446847	1879048192	2013265919	3	16	5	1
480	1073741824	2147483647	2087116800	2087124991	4	2	19	1
481	1073741824	2147483647	2087116800	2087124991	3	2	19	1
482	3166961664	3167223807	4292214784	4292345855	0	14	15	1
483	3162505216	3166699519	3221225472	3758096383	0	10	3	5
484	0	4294967295	4292134912	4292136959	4	0	21	1
485	0	4294967295	4292134912	4292136959	3	0	21	1
486	872415232	873463807	0	4294967295	0	12	0	6
487	874479616	874483711	0	4294967295	4	20	0	1
488	874479616	874483711	0	4294967295	3	20	0	1
489	3166855168	3166859263	0	4294967295	4	20	0	1
490	3166855168	3166859263	0	4294967295	3	20	0	1
491	874496000	874512383	0	1073741823	4	18	2	1
492	874496000	874512383	0	1073741823	3	18	2	1
493	0	2147483647	4292134144	4292134175	0	1	27	1
494	3170893824	3187671039	4292136960	4292141055	0	8	20	1
495	3166961664	3167223807	4291821568	4292083711	0	14	14	1
496	3166846976	3166855167	2147483648	4294967295	4	19	1	1
497	3166846976	3166855167	2147483648	4294967295	3	19	1	1
498	874446848	874479615	0	1073741823	4	17	2	1
499	874446848	874479615	0	1073741823	3	17	2	1
500	939524096	1073741823	2087108608	2087109631	0	5	22	1
501	1073741824	2147483647	2087110272	2087110399	0	2	25	1
502	3187671040	3221225471	4292136960	4292141055	0	7	20	1
503	2147483648	2684354559	4292133888	4292134143	0	3	24	1
504	876609536	880803839	2087124992	2087190527	0	10	16	1
505	3162505216	3166699519	4292149248	4292214783	0	10	16	1
506	874496000	874512383	0	4294967295	4	18	0	1
507	874496000	874512383	0	4294967295	3	18	0	1
508	3166830592	3166846975	0	4294967295	4	18	0	1
509	3166830592	3166846975	0	4294967295	3	18	0	1
510	3154116608	3162505215	4292083712	4292116479	0	9	17	1
511	2684354560	2952790015	4292132864	4292133887	0	4	22	1
512	3087007744	3154116607	4292136960	4292141055	0	6	20	1
513	0	4294967295	2087110208	2087110271	0	0	26	1
514	0	4294967295	2087092224	2087108607	4	0	18	1
515	0	4294967295	2087092224	2087108607	3	0	18	1
516	0	4294967295	4292116480	4292132863	4	0	18	1
517	0	4294967295	4292116480	4292132863	3	0	18	1
518	3166863360	3166896127	2147483648	4294967295	4	17	1	1
519	3166863360	3166896127	2147483648	4294967295	3	17	1	1
520	905969664	939524095	2087092224	2087108607	0	7	18	1
521	880803840	889192447	0	4294967295	0	9	0	4
522	873988096	874250239	1073741824	1610612735	4	14	3	1
523	873988096	874250239	1073741824	1610612735	3	14	3	1
524	1073741824	2147483647	2087109632	2087110143	0	2	23	1
525	0	4294967295	2087059456	2087092223	4	0	17	1
526	0	4294967295	2087059456	2087092223	3	0	17	1
527	0	4294967295	2087110272	2087110399	0	0	25	1
528	0	4294967295	4292134272	4292134399	0	0	25	1
529	3166699520	3166830591	2147483648	3221225471	4	15	2	1
530	3166699520	3166830591	2147483648	3221225471	3	15	2	1
531	3166896128	3166961663	2147483648	4294967295	4	16	1	1
532	3166896128	3166961663	2147483648	4294967295	3	16	1	1
533	874250240	874381311	0	2147483647	3	15	1	1
534	874250240	874381311	0	2147483647	4	15	1	1
535	874512384	876609535	1879048192	2013265919	4	11	5	1
536	874512384	876609535	1879048192	2013265919	3	11	5	1
537	0	536870911	2087110656	2087112703	0	3	21	1
538	0	2147483647	4292134400	4292134911	0	1	23	1
539	0	4294967295	2087110400	2087110655	0	0	24	1
540	889192448	905969663	2113929216	2147483647	4	8	7	1
541	889192448	905969663	2113929216	2147483647	3	8	7	1
542	0	536870911	2087112704	2087116799	0	3	20	1
543	0	2147483647	4292132864	4292133887	0	1	22	1
544	2684354560	2952790015	4292141056	4292149247	0	4	19	1
545	3166961664	3167223807	2147483648	4294967295	4	14	1	1
546	3166961664	3167223807	2147483648	4294967295	3	14	1	1
547	0	4294967295	2086928384	2087059455	4	0	15	1
548	0	4294967295	2086928384	2087059455	3	0	15	1
549	3167223808	3167748095	2147483648	4294967295	4	13	1	1
550	2952790016	3087007743	4278190080	4286578687	4	5	9	1
551	2952790016	3087007743	4278190080	4286578687	3	5	9	1
552	0	4294967295	2086666240	2086928383	4	0	14	1
553	0	4294967295	2086666240	2086928383	3	0	14	1
554	0	4294967295	2087108608	2087109631	0	0	22	1
555	2147483648	4294967295	2087110656	2087112703	0	1	21	1
556	3167223808	3167748095	2088763392	2097151999	0	13	9	1
557	805306368	872415231	2113929216	2147483647	4	6	7	1
558	805306368	872415231	2113929216	2147483647	3	6	7	1
559	873463808	873988095	0	4294967295	4	13	0	1
560	873463808	873988095	0	4294967295	3	13	0	1
561	1073741824	2147483647	2087116800	2087124991	0	2	19	1
562	3162505216	3166699519	3221225472	3758096383	4	10	3	1
563	3162505216	3166699519	3221225472	3758096383	3	10	3	1
564	0	4294967295	2087190528	2087714815	4	0	13	1
565	0	4294967295	2087190528	2087714815	3	0	13	1
566	0	4294967295	4292134912	4292136959	0	0	21	1
567	3167223808	3167748095	2097152000	2113929215	0	13	8	1
568	872415232	873463807	0	4294967295	4	12	0	1
569	0	4294967295	2087714816	2088763391	4	0	12	1
570	0	4294967295	2087714816	2088763391	3	0	12	1
571	2147483648	4294967295	2084569088	2086666239	4	1	11	1
572	0	4294967295	2084569088	2086666239	4	0	11	1
573	0	4294967295	2084569088	2086666239	3	0	11	1
574	2147483648	4294967295	2080374784	2084569087	4	1	10	1
575	2952790016	3087007743	4026531840	4160749567	4	5	5	1
576	2952790016	3087007743	4026531840	4160749567	3	5	5	1
577	0	4294967295	2080374784	2084569087	4	0	10	1
578	0	4294967295	2087092224	2087108607	0	0	18	1
579	0	4294967295	4292116480	4292132863	0	0	18	1
580	2147483648	4294967295	2088763392	2097151999	4	1	9	1
581	0	4294967295	2088763392	2097151999	4	0	9	1
582	0	4294967295	2087059456	2087092223	0	0	17	1
583	2147483648	4294967295	2097152000	2113929215	4	1	8	1
584	2147483648	4294967295	2097152000	2113929215	3	1	8	1
585	0	4294967295	2097152000	2113929215	4	0	8	1
586	0	4294967295	2097152000	2113929215	3	0	8	1
587	2147483648	4294967295	2113929216	2147483647	4	1	7	1
588	2147483648	4294967295	2113929216	2147483647	3	1	7	1
589	889192448	905969663	2113929216	2147483647	0	8	7	1
590	0	4294967295	2113929216	2147483647	4	0	7	1
591	0	4294967295	2113929216	2147483647	3	0	7	1
592	0	4294967295	2086928384	2087059455	0	0	15	1
593	3167223808	3167748095	2147483648	4294967295	0	13	1	1
594	2952790016	3087007743	4278190080	4286578687	0	5	9	1
595	0	4294967295	2086666240	2086928383	0	0	14	1
596	805306368	872415231	2113929216	2147483647	0	6	7	1
597	0	4294967295	2087190528	2087714815	0	0	13	1
598	536870912	805306367	0	4294967295	4	4	0	1
599	536870912	805306367	0	4294967295	3	4	0	1
600	0	4294967295	2087714816	2088763391	0	0	12	1
601	2147483648	4294967295	2084569088	2086666239	0	1	11	1
602	0	4294967295	2084569088	2086666239	0	0	11	1
603	2147483648	4294967295	2080374784	2084569087	0	1	10	1
604	3221225472	4294967295	0	4294967295	4	2	0	1
605	3221225472	4294967295	0	4294967295	3	2	0	1
606	2952790016	3087007743	4026531840	4160749567	0	5	5	1
607	0	4294967295	2080374784	2084569087	0	0	10	1
608	2147483648	4294967295	2088763392	2097151999	0	1	9	1
609	0	4294967295	2088763392	2097151999	0	0	9	1
610	0	4294967295	0	2147483647	4	0	1	1
611	0	4294967295	2147483648	4294967295	4	0	1	1
612	0	4294967295	2147483648	4294967295	3	0	1	1
613	2147483648	4294967295	2097152000	2113929215	0	1	8	1
614	2147483648	4294967295	0	4294967295	4	1	0	1
615	2147483648	4294967295	0	4294967295	3	1	0	1
616	0	4294967295	2097152000	2113929215	0	0	8	1
617	2147483648	4294967295	2113929216	2147483647	0	1	7	1
618	0	4294967295	2113929216	2147483647	0	0	7	1
619	536870912	805306367	0	4294967295	0	4	0	1
620	3221225472	4294967295	0	4294967295	0	2	0	1
621	0	4294967295	2147483648	4294967295	0	0	1	1
622	2147483648	4294967295	0	4294967295	0	1	0	1
