GroupID1            SP_Quotient           Bitmap32                                          GroupID2  
0                   1                     11111111111111000000000000000000                  0         
0                   3                     11111111111111111111111111110000                  1         
0                   4                     00000000011111111111111111111111                  1         
0                   4                     11111111100000000000000000000000                  2         
0                   5                     00000000000111111111111111111111                  2         
0                   5                     11111111111000000000000000000000                  3         
0                   14                    00000000000000000000000000000111                  5         
1                   1                     11111111111111000000000000000000                  7         
1                   3                     11111111111111111111111111110000                  8         
1                   4                     00000000011111111111111111111111                  8         
1                   4                     11111111100000000000000000000000                  9         
1                   5                     00000000000111111111111111111111                  9         
1                   5                     11111111111000000000000000000000                  10        
1                   6                     11111111111111111111111000000000                  12        
1                   7                     00000111111111111111111111111111                  12        
2                   1                     11111111111111000000000000000000                  14        
2                   3                     11111111111111111111111111110000                  15        
2                   4                     00000000011111111111111111111111                  15        
2                   4                     11111111100000000000000000000000                  16        
2                   5                     00000000000111111111111111111111                  16        
2                   5                     11111111111000000000000000000000                  17        
2                   14                    00000000000000000000000000000111                  19        
3                   1                     11111111111111000000000000000000                  21        
3                   3                     11111111111111111111111111110000                  22        
3                   4                     00000000011111111111111111111111                  22        
3                   4                     11111111100000000000000000000000                  23        
3                   5                     00000000000111111111111111111111                  23        
3                   5                     11111111111000000000000000000000                  24        
3                   6                     11111111111111111111111000000000                  26        
3                   7                     00000111111111111111111111111111                  26        
4                   1                     11111111111111000000000000000000                  28        
4                   3                     00000001111111111111111111110000                  29        
4                   3                     11111110000000000000000000000000                  30        
4                   4                     00000000001111111111111111111111                  30        
4                   4                     11111111100000000000000000000000                  32        
4                   5                     00000000000111111111111111111110                  33        
4                   5                     11111111111000000000000000000000                  34        
5                   1                     11111111111111000000000000000000                  37        
5                   3                     00000001111111111111111111110000                  38        
5                   3                     11111110000000000000000000000000                  39        
5                   4                     00000000001111111111111111111111                  39        
5                   4                     11111111100000000000000000000000                  41        
5                   5                     00000000000111111111111111111110                  42        
5                   5                     11111111111000000000000000000000                  43        
6                   1                     11111111111111000000000000000000                  46        
6                   3                     11111111111111111111111111110000                  47        
6                   4                     00000000001111111111111111111111                  47        
6                   4                     11111111100000000000000000000000                  49        
6                   5                     00000000000111111111111111111111                  49        
6                   5                     11111111111000000000000000000000                  50        
7                   1                     11111111111111000000000000000000                  53        
7                   3                     11111111111111111111111111110000                  54        
7                   4                     00000000011111111111111111111111                  54        
7                   4                     11111111100000000000000000000000                  55        
7                   5                     00000000000111111111111111111111                  55        
7                   5                     11111111111000000000000000000000                  56        
8                   1                     11111111111111000000000000000000                  59        
8                   3                     11111111111111111111111111110000                  60        
8                   4                     00000000011111111111111111111111                  60        
8                   4                     11111111100000000000000000000000                  61        
8                   5                     00000000000111111111111111111111                  61        
8                   5                     11111111111000000000000000000000                  62        
8                   6                     00000000000000000000000111111111                  62        
8                   6                     11111111111111111111111000000000                  63        
8                   7                     00000111111111111111111111111111                  63        
9                   1                     11111111111111000000000000000000                  65        
9                   3                     11111111111111111111111111110000                  66        
9                   4                     00000000011111111111111111111111                  66        
9                   4                     11111111100000000000000000000000                  67        
9                   5                     00000000000111111111111111111111                  67        
9                   5                     11111111111000000000000000000000                  68        
9                   6                     11111111111111111111111000000000                  70        
9                   9                     00000000000000000001111111111111                  70        
10                  1                     11111111111111000000000000000000                  72        
10                  3                     11111111111111111111111111110000                  73        
10                  4                     00000000011111111111111111111111                  73        
10                  4                     11111111100000000000000000000000                  74        
10                  5                     00000000000111111111111111111111                  74        
10                  5                     11111111111000000000000000000000                  75        
10                  6                     00000000000000000000000111111111                  75        
10                  14                    00000000000000000000000000000111                  76        
11                  1                     11111111111111000000000000000000                  78        
11                  3                     11111111111111111111111111110000                  79        
11                  4                     00000000011111111111111111111111                  79        
11                  4                     11111111100000000000000000000000                  80        
11                  5                     00000000000111111111111111111111                  80        
11                  5                     11111111111000000000000000000000                  81        
11                  6                     00000000000000000000000111111111                  81        
12                  3                     11111111111111111111111111110000                  83        
12                  4                     00000000001111111111111111111111                  83        
12                  4                     11111111110000000000000000000000                  84        
12                  5                     00000000000111111111111111111111                  84        
12                  5                     11111111111000000000000000000000                  85        
12                  6                     00000000000000000000000111111111                  85        
13                  3                     11111111111111111111111111110000                  86        
13                  4                     00000000011111111111111111111111                  86        
16                  3                     11111111111111111111111111110000                  90        
16                  4                     00000000001111111111111111111111                  90        
16                  4                     11111111110000000000000000000000                  91        
16                  5                     00000000000111111111111111111111                  91        
16                  5                     11111111111000000000000000000000                  92        
16                  6                     00000000000000000000000111111111                  92        
