GID1	Src_lo	Src_hi	GID2
0           0           65535       0           
0           0           65535       0           
1           0           65535       1           
1           0           65535       1           
2           0           65535       2           
2           0           65535       2           
3           0           65535       3           
3           0           65535       3           
4           0           65535       4           
4           0           65535       4           
4           0           65535       4           
5           0           65535       5           
5           0           65535       5           
6           0           65535       6           
6           0           65535       6           
6           0           65535       6           
7           0           65535       7           
7           0           65535       7           
7           0           65535       7           
7           0           65535       7           
7           0           65535       7           
7           0           65535       7           
7           0           65535       7           
8           0           65535       8           
8           0           65535       8           
8           0           65535       8           
8           0           65535       8           
8           0           65535       8           
8           0           65535       8           
8           0           65535       8           
9           0           65535       9           
9           0           65535       9           
9           0           65535       9           
9           0           65535       9           
9           0           65535       9           
10          0           65535       10          
10          0           65535       10          
10          0           65535       10          
10          0           65535       10          
10          0           65535       10          
11          0           65535       11          
11          0           65535       11          
11          0           65535       11          
11          0           65535       11          
11          0           65535       11          
11          0           65535       11          
12          0           65535       12          
12          0           65535       12          
12          0           65535       12          
12          0           65535       12          
12          0           65535       12          
13          0           65535       13          
13          0           65535       13          
13          0           65535       13          
13          0           65535       13          
13          0           65535       13          
14          0           65535       14          
14          0           65535       14          
14          0           65535       14          
14          0           65535       14          
15          0           65535       15          
15          0           65535       15          
15          0           65535       15          
15          0           65535       15          
16          0           65535       16          
16          0           65535       16          
16          0           65535       16          
17          0           65535       17          
17          0           65535       17          
18          0           65535       18          
18          0           65535       18          
19          0           65535       19          
20          0           65535       20          
21          0           65535       21          
21          0           65535       21          
21          0           65535       21          
22          0           65535       22          
22          0           65535       22          
22          0           65535       22          
23          0           65535       23          
23          0           65535       23          
24          0           65535       24          
24          0           65535       24          
25          0           65535       25          
26          0           65535       26          
27          0           65535       27          
