Merged IP Table (1106 entries):
Idx	SrcIP_lo	SrcIP_hi	DstIP_lo	DstIP_hi	Proto	SrcMask	DstMask	MergedCount
0	4090040396	4090040399	3365897472	3365897472	8	30	32	6
1	4090040396	4090040399	3365897472	3365897472	7	30	32	4
2	594782486	594782486	914331154	914331154	7	32	32	1
3	4090040395	4090040395	3365897473	3365897473	8	32	32	117
4	4090040395	4090040395	3365897473	3365897473	7	32	32	91
5	4090040394	4090040394	3365897473	3365897473	7	32	32	73
6	4090040394	4090040394	3365897473	3365897473	8	32	32	96
7	594782487	594782487	914331154	914331154	7	32	32	104
8	594782487	594782487	914331154	914331154	8	32	32	150
9	4090040392	4090040393	3365897473	3365897473	8	31	32	128
10	4090040392	4090040393	3365897473	3365897473	7	31	32	97
11	4090040395	4090040395	3365897480	3365897487	7	32	29	226
12	4090040395	4090040395	3365897480	3365897487	8	32	29	265
13	4090040392	4090040393	3365897474	3365897475	8	31	31	336
14	4090040392	4090040393	3365897474	3365897475	7	31	31	292
15	594782484	594782485	914331152	914331153	7	31	31	132
16	594782484	594782485	914331152	914331153	8	31	31	165
17	4090040392	4090040393	3365897476	3365897479	8	31	30	48
18	4090040392	4090040393	3365897476	3365897479	7	31	30	37
19	594782484	594782485	914331156	914331159	7	31	30	301
20	594782484	594782485	914331156	914331159	8	31	30	324
21	594782464	594782479	914331155	914331155	8	28	32	235
22	594782464	594782479	914331155	914331155	7	28	32	195
23	594782464	594782479	914331154	914331154	8	28	32	160
24	594782464	594782479	914331154	914331154	7	28	32	132
25	594782486	594782486	914331168	914331199	8	32	27	253
26	594782486	594782486	914331168	914331199	7	32	27	223
27	594782488	594782495	914331152	914331153	7	29	31	234
28	594782488	594782495	914331152	914331153	8	29	31	302
29	4090040384	4090040391	3365897476	3365897479	7	29	30	267
30	4090040384	4090040391	3365897476	3365897479	8	29	30	325
31	4090040394	4090040394	3365897504	3365897535	8	32	27	156
32	4090040394	4090040394	3365897504	3365897535	7	32	27	132
33	594782480	594782483	914331136	914331151	8	30	28	273
34	594782480	594782483	914331136	914331151	7	30	28	235
35	4090041344	4090042367	1100921937	1100921937	8	22	32	1
36	4090040832	4090041343	1100921936	1100921936	7	23	32	2
37	4090041344	4090042367	1100921937	1100921937	7	22	32	1
38	4090040832	4090041343	1100921938	1100921939	7	23	31	1
39	4090044416	4090052607	1100921936	1100921936	8	19	32	1
40	4060086272	4076863487	3365897480	3365897487	8	8	29	10
41	2147483648	3221225471	3365897472	3365897472	7	2	32	108
42	2147483648	3221225471	3365897472	3365897472	8	2	32	65
43	0	4294967295	2447465584	2447465584	7	0	32	52
44	0	4294967295	2447465584	2447465584	8	0	32	30
45	4090040395	4090040395	3365897473	3365897473	6	32	32	1
46	4090040395	4090040395	3365897473	3365897473	3	32	32	1
47	4090040576	4090040831	1100921936	1100921936	7	24	32	1
48	4090040394	4090040394	3365897473	3365897473	6	32	32	1
49	4090040394	4090040394	3365897473	3365897473	2	32	32	1
50	594782487	594782487	914331154	914331154	6	32	32	1
51	594782487	594782487	914331154	914331154	4	32	32	1
52	0	2147483647	2447465586	2447465587	7	1	31	64
53	0	2147483647	2447465586	2447465587	8	1	31	30
54	0	536870911	914331160	914331167	8	3	29	62
55	0	536870911	914331160	914331167	7	3	29	99
56	0	4294967295	2447465585	2447465585	7	0	32	48
57	0	4294967295	2447465585	2447465585	8	0	32	16
58	1073741824	2147483647	1100921940	1100921943	7	2	30	2
59	4090040392	4090040393	3365897473	3365897473	6	31	32	1
60	3758096384	4026531839	3365897504	3365897535	7	4	27	65
61	3758096384	4026531839	3365897504	3365897535	8	4	27	24
62	3221225472	3758096383	3365897488	3365897503	8	3	28	24
63	3221225472	3758096383	3365897488	3365897503	7	3	28	64
64	4090040395	4090040395	3365897480	3365897487	6	32	29	1
65	4090040395	4090040395	3365897480	3365897487	2	32	29	1
66	4090040392	4090040393	3365897474	3365897475	6	31	31	1
67	4090040392	4090040393	3365897474	3365897475	2	31	31	1
68	594782484	594782485	914331152	914331153	4	31	31	1
69	2147483648	3221225471	3365897488	3365897503	8	2	28	37
70	2147483648	3221225471	3365897488	3365897503	7	2	28	87
71	2147483648	4294967295	1100921944	1100921951	8	1	29	23
72	2147483648	4294967295	1100921944	1100921951	7	1	29	63
73	0	2147483647	2447465592	2447465599	8	1	29	24
74	0	2147483647	2447465592	2447465599	7	1	29	59
75	0	4294967295	2447465588	2447465591	7	0	30	51
76	0	4294967295	2447465588	2447465591	8	0	30	23
77	4085252096	4089446399	3365897480	3365897487	7	10	29	24
78	587202560	591396863	914331160	914331167	7	10	29	23
79	4090040396	4090040399	3355443200	3363831807	7	30	9	2
80	3758096384	4026531839	3365897600	3365897727	8	4	25	14
81	3758096384	4026531839	3365897600	3365897727	7	4	25	60
82	3221225472	3758096383	3365897536	3365897599	8	3	26	27
83	3221225472	3758096383	3365897536	3365897599	7	3	26	87
84	594782464	594782479	914331155	914331155	2	28	32	1
85	594782464	594782479	914331155	914331155	6	28	32	1
86	594782484	594782485	914331156	914331159	1	31	30	1
87	594782484	594782485	914331156	914331159	6	31	30	1
88	594782484	594782485	914331156	914331159	5	31	30	1
89	594782484	594782485	914331156	914331159	2	31	30	1
90	594782484	594782485	914331156	914331159	3	31	30	1
91	0	2147483647	2447465568	2447465583	8	1	28	26
92	0	2147483647	2447465568	2447465583	7	1	28	63
93	4090044416	4090052607	1100921936	1100921936	7	19	32	1
94	4090040395	4090040395	3372220416	3388997631	6	32	8	2
95	4090040416	4090040447	3365928960	3368026111	7	27	11	1
96	4090040400	4090040415	3368026112	3372220415	7	28	10	2
97	4090040396	4090040399	3372220416	3388997631	7	30	8	4
98	3221225472	3758096383	3365897600	3365897727	8	3	25	15
99	0	536870911	914331264	914331391	7	3	25	85
100	0	536870911	914331264	914331391	8	3	25	19
101	594782464	594782479	914331154	914331154	6	28	32	1
102	594782486	594782486	914331168	914331199	3	32	27	1
103	594782486	594782486	914331168	914331199	4	32	27	1
104	594782486	594782486	914331168	914331199	6	32	27	1
105	594782488	594782495	914331152	914331153	5	29	31	1
106	594782488	594782495	914331152	914331153	6	29	31	1
107	594782488	594782495	914331152	914331153	1	29	31	1
108	1073741824	2147483647	914331155	914331155	8	2	32	1
109	4060086272	4076863487	3365897480	3365897487	7	8	29	43
110	570425344	587202559	914331160	914331167	7	8	29	23
111	4090040416	4090040447	3368026112	3372220415	7	27	10	1
112	4090040395	4090040395	3355443200	3363831807	6	32	9	1
113	4090040395	4090040395	3355443200	3363831807	7	32	9	3
114	4090040384	4090040391	3365897476	3365897479	6	29	30	1
115	4090040384	4090040391	3365897476	3365897479	5	29	30	1
116	4090040384	4090040391	3365897476	3365897479	2	29	30	1
117	3221225472	3758096383	3365897216	3365897471	7	3	24	84
118	0	536870911	914331392	914331647	8	3	24	23
119	4090040394	4090040394	3365897504	3365897535	6	32	27	1
120	4090040394	4090040394	3365897504	3365897535	3	32	27	1
121	2147483648	4294967295	1100921856	1100921919	7	1	26	92
122	2147483648	4294967295	1100921856	1100921919	8	1	26	21
123	0	2147483647	2447465472	2447465535	8	1	26	14
124	0	2147483647	2447465472	2447465535	7	1	26	81
125	0	4294967295	2447465536	2447465567	8	0	27	18
126	0	4294967295	2447465536	2447465567	7	0	27	81
127	4090040395	4090040395	3372220416	3388997631	8	32	8	1
128	2147483648	4294967295	1100921984	1100922111	8	1	25	19
129	2147483648	4294967295	1100921984	1100922111	7	1	25	85
130	594782480	594782483	914331136	914331151	6	30	28	1
131	594782480	594782483	914331136	914331151	1	30	28	1
132	594782480	594782483	914331136	914331151	3	30	28	1
133	4090040395	4090040395	3388997632	3422552063	6	32	7	3
134	4090040395	4090040395	3365897473	3365897473	0	32	32	1
135	4090040384	4090040391	3422552064	3489660927	7	29	6	11
136	4090040394	4090040394	3758096384	4294967295	7	32	3	16
137	2147483648	4294967295	1100922112	1100922367	7	1	24	84
138	0	2147483647	2447465728	2447465983	7	1	24	83
139	0	2147483647	2447465728	2447465983	8	1	24	20
140	595591168	603979775	914331200	914331263	7	9	26	33
141	0	4294967295	2447465600	2447465727	7	0	25	87
142	0	4294967295	2447465600	2447465727	8	0	25	19
143	4090041344	4090042367	1100921952	1100921983	7	22	27	1
144	4085252096	4089446399	3365897480	3365897487	8	10	29	1
145	4085252096	4089446399	3365897480	3365897487	6	10	29	3
146	587202560	591396863	914331160	914331167	6	10	29	4
147	4090040396	4090040399	3355443200	3363831807	6	30	9	4
148	4090040396	4090040399	3355443200	3363831807	8	30	9	2
149	4090040394	4090040394	3365897473	3365897473	0	32	32	1
150	594782487	594782487	914331154	914331154	0	32	32	1
151	594782488	594782495	939524096	1073741823	7	29	5	13
152	4090040395	4090040395	3221225472	3355443199	6	32	5	1
153	4090040400	4090040415	3368026112	3372220415	6	28	10	2
154	4090040392	4090040393	3365897473	3365897473	0	31	32	1
155	4090040396	4090040399	3372220416	3388997631	6	30	8	4
156	4090040396	4090040399	3372220416	3388997631	8	30	8	2
157	4090040832	4090041343	1100921938	1100921939	6	23	31	1
158	4060086272	4076863487	3365897480	3365897487	6	8	29	5
159	570425344	587202559	914331160	914331167	8	8	29	2
160	570425344	587202559	914331160	914331167	6	8	29	5
161	4090040416	4090040447	3368026112	3372220415	8	27	10	2
162	4090040395	4090040395	3365897480	3365897487	0	32	29	1
163	4090040392	4090040393	3365897474	3365897475	0	31	31	1
164	594782484	594782485	914331152	914331153	0	31	31	1
165	4090042368	4090044415	1100939264	1101004799	7	21	16	2
166	4090040392	4090040393	3365897476	3365897479	0	31	30	1
167	594782484	594782485	914331156	914331159	0	31	30	1
168	4090040396	4090040399	2147483648	4294967295	7	30	1	22
169	594782480	594782483	0	2147483647	7	30	1	19
170	594782464	594782479	914331155	914331155	0	28	32	1
171	671088640	805306367	914331200	914331263	7	5	26	39
172	4090040384	4090040391	3422552064	3489660927	8	29	6	5
173	4090040384	4090040391	3422552064	3489660927	6	29	6	16
174	4090040320	4090040383	3489660928	3758096383	7	26	4	21
175	2147483648	3221225471	3365897472	3365897472	6	2	32	29
176	4090040394	4090040394	3758096384	4294967295	6	32	3	23
177	4090040394	4090040394	3758096384	4294967295	8	32	3	13
178	595591168	603979775	914331200	914331263	8	9	26	4
179	595591168	603979775	914331200	914331263	6	9	26	7
180	594782464	594782479	914331154	914331154	0	28	32	1
181	594782486	594782486	914331168	914331199	0	32	27	1
182	594782488	594782495	914331152	914331153	0	29	31	1
183	4090040395	4090040395	2147483648	4294967295	6	32	1	16
184	4090040395	4090040395	2147483648	4294967295	8	32	1	6
185	4090040395	4090040395	2147483648	4294967295	7	32	1	5
186	594782486	594782486	0	2147483647	6	32	1	22
187	594782486	594782486	0	2147483647	7	32	1	16
188	594782486	594782486	0	2147483647	8	32	1	10
189	4090040384	4090040391	3365897476	3365897479	0	29	30	1
190	4090040320	4090040383	3758096384	4294967295	7	26	3	6
191	4090040394	4090040394	3365897504	3365897535	0	32	27	1
192	594782488	594782495	939524096	1073741823	6	29	5	18
193	594782488	594782495	939524096	1073741823	8	29	5	5
194	0	4294967295	2447465584	2447465584	6	0	32	17
195	4090040832	4090041343	1100921952	1100921983	6	23	27	1
196	4090040416	4090040447	2147483648	4294967295	7	27	1	21
197	594782496	594782527	0	2147483647	7	27	1	16
198	3221225472	3758096383	3365897600	3365897727	7	3	25	66
199	594782592	594782719	0	536870911	7	25	3	21
200	594782487	594782487	0	2147483647	7	32	1	18
201	594782487	594782487	0	2147483647	6	32	1	24
202	594782487	594782487	0	2147483647	8	32	1	16
203	594782480	594782483	914331136	914331151	0	30	28	1
204	4090232832	4090494975	1100480512	1100742655	7	14	14	1
205	4090041344	4090042367	1100921952	1100921983	6	22	27	1
206	0	536870911	914331392	914331647	7	3	24	80
207	805306368	1073741823	914330624	914331135	7	4	23	76
208	671088640	805306367	914329600	914330623	7	5	22	67
209	0	2147483647	2447465586	2447465587	6	1	31	17
210	0	536870911	914331160	914331167	6	3	29	24
211	0	4294967295	2447465585	2447465585	6	0	32	9
212	4090040448	4090040575	1073741824	2147483647	7	25	2	1
213	4090040448	4090040575	2147483648	4294967295	7	25	1	13
214	4090040396	4090040399	3365912576	3365928959	8	30	18	1
215	4090040396	4090040399	3365912576	3365928959	5	30	18	1
216	4090040396	4090040399	3365912576	3365928959	2	30	18	1
217	4090040396	4090040399	3365912576	3365928959	1	30	18	1
218	4090040396	4090040399	3365912576	3365928959	6	30	18	1
219	4090040396	4090040399	2147483648	4294967295	8	30	1	15
220	4090040396	4090040399	2147483648	4294967295	6	30	1	24
221	594782480	594782483	0	2147483647	8	30	1	15
222	594782480	594782483	0	2147483647	6	30	1	24
223	3758096384	4026531839	3365897504	3365897535	6	4	27	19
224	3221225472	3758096383	3365897488	3365897503	6	3	28	18
225	603979776	671088639	914325504	914329599	7	6	20	73
226	594782720	594783231	0	536870911	7	23	3	15
227	671088640	805306367	914331200	914331263	6	5	26	4
228	671088640	805306367	914331200	914331263	8	5	26	1
229	594783232	594784255	914331200	914331263	6	22	26	1
230	594783232	594784255	914331200	914331263	5	22	26	1
231	594783232	594784255	914331200	914331263	8	22	26	1
232	594783232	594784255	914331200	914331263	3	22	26	1
233	594783232	594784255	914331200	914331263	4	22	26	1
234	594783232	594784255	914331200	914331263	2	22	26	1
235	594783232	594784255	914331200	914331263	1	22	26	1
236	4090040576	4090040831	1073741824	2147483647	7	24	2	2
237	4090040320	4090040383	3489660928	3758096383	6	26	4	22
238	4090040320	4090040383	3489660928	3758096383	8	26	4	11
239	2147483648	3221225471	3365897488	3365897503	6	2	28	24
240	1073741824	2147483647	1100921920	1100921935	8	2	28	1
241	2147483648	3221225471	3365897728	3365898239	7	2	23	82
242	2147483648	4294967295	1100921944	1100921951	6	1	29	18
243	0	2147483647	2447465592	2447465599	6	1	29	17
244	594780160	594782207	536870912	805306367	7	21	4	7
245	594782528	594782591	914331648	914333695	6	26	21	1
246	594782528	594782591	914331648	914333695	8	26	21	1
247	594782528	594782591	914331648	914333695	4	26	21	1
248	594782528	594782591	914331648	914333695	2	26	21	1
249	594782528	594782591	914331648	914333695	3	26	21	1
250	594782528	594782591	914331648	914333695	1	26	21	1
251	594782528	594782591	914331648	914333695	5	26	21	1
252	594782488	594782495	0	2147483647	6	29	1	17
253	594782488	594782495	0	2147483647	7	29	1	10
254	594782488	594782495	0	2147483647	8	29	1	5
255	0	4294967295	2447465588	2447465591	6	0	30	18
256	4090040400	4090040415	3365912576	3365928959	3	28	18	1
257	4090040400	4090040415	3365912576	3365928959	8	28	18	1
258	4090040400	4090040415	3365912576	3365928959	6	28	18	1
259	4090040400	4090040415	3365912576	3365928959	2	28	18	1
260	4090040400	4090040415	3365912576	3365928959	5	28	18	1
261	4090040400	4090040415	3365912576	3365928959	1	28	18	1
262	4090040400	4090040415	2147483648	4294967295	6	28	1	24
263	4090040400	4090040415	2147483648	4294967295	8	28	1	14
264	4090040400	4090040415	2147483648	4294967295	7	28	1	16
265	4090040320	4090040383	3758096384	4294967295	6	26	3	6
266	4090040320	4090040383	3758096384	4294967295	8	26	3	5
267	2147483648	3221225471	3365896192	3365897215	7	2	22	82
268	3758096384	4026531839	3365897600	3365897727	6	4	25	10
269	3758096384	4026531839	3365900288	3365904383	7	4	20	74
270	805306368	1073741823	914325504	914329599	7	4	20	56
271	3221225472	3758096383	3365897536	3365897599	6	3	26	27
272	594782208	594782463	914329600	914330623	5	24	22	1
273	594782208	594782463	914329600	914330623	8	24	22	1
274	594782208	594782463	914329600	914330623	2	24	22	1
275	594782208	594782463	914329600	914330623	4	24	22	1
276	594782208	594782463	914329600	914330623	6	24	22	1
277	594782208	594782463	914329600	914330623	3	24	22	1
278	594782208	594782463	914329600	914330623	1	24	22	1
279	594784256	594788351	914331200	914331263	8	20	26	1
280	594784256	594788351	914331200	914331263	2	20	26	1
281	594784256	594788351	914331200	914331263	3	20	26	1
282	594784256	594788351	914331200	914331263	4	20	26	1
283	594784256	594788351	914331200	914331263	6	20	26	1
284	594784256	594788351	914331200	914331263	5	20	26	1
285	594784256	594788351	914331200	914331263	1	20	26	1
286	0	2147483647	2447465568	2447465583	6	1	28	17
287	4090232832	4090494975	1100742656	1100873727	7	14	15	2
288	4090036224	4090040319	3758096384	4294967295	7	20	3	5
289	4090040416	4090040447	3365912576	3365928959	8	27	18	1
290	4090040416	4090040447	3365912576	3365928959	6	27	18	1
291	4090040416	4090040447	3365912576	3365928959	5	27	18	1
292	4090040416	4090040447	3365912576	3365928959	2	27	18	1
293	4090040416	4090040447	3365912576	3365928959	3	27	18	1
294	4090040416	4090040447	3365912576	3365928959	1	27	18	1
295	4090040416	4090040447	3365912576	3365928959	4	27	18	1
296	4090040416	4090040447	2147483648	4294967295	6	27	1	22
297	4090040416	4090040447	2147483648	4294967295	8	27	1	15
298	594782496	594782527	0	2147483647	6	27	1	22
299	594782496	594782527	0	2147483647	8	27	1	12
300	2147483648	3221225471	3365898240	3365900287	7	2	21	81
301	1073741824	2147483647	914331648	914333695	7	2	21	64
302	3221225472	3758096383	3365897600	3365897727	6	3	25	13
303	0	536870911	914331264	914331391	6	3	25	20
304	2147483648	4294967295	1100920832	1100921855	7	1	22	32
305	594782592	594782719	0	536870911	6	25	3	18
306	594782592	594782719	0	536870911	8	25	3	6
307	805306368	1073741823	914333696	914341887	7	4	19	67
308	671088640	805306367	914341888	914358271	7	5	18	61
309	0	4294967295	1100922368	1100922879	7	0	23	86
310	0	4294967295	2447465984	2447466495	7	0	23	85
311	4090040832	4090041343	1207959552	1342177279	7	23	5	2
312	4026531840	4060086271	3221225472	3355443199	8	7	5	2
313	4090040400	4090040415	3365797888	3365863423	3	28	16	1
314	4090040400	4090040415	3365797888	3365863423	2	28	16	1
315	4090040400	4090040415	3365797888	3365863423	6	28	16	1
316	3221225472	3758096383	3365897216	3365897471	8	3	24	15
317	3221225472	3758096383	3365897216	3365897471	6	3	24	16
318	0	536870911	914331392	914331647	6	3	24	15
319	2147483648	4294967295	1100918784	1100920831	7	1	21	81
320	0	2147483647	2447462400	2447464447	7	1	21	83
321	2147483648	4294967295	1100921856	1100921919	6	1	26	25
322	0	2147483647	2447465472	2447465535	6	1	26	25
323	805306368	1073741823	914330624	914331135	8	4	23	20
324	805306368	1073741823	914330624	914331135	6	4	23	15
325	671088640	805306367	914329600	914330623	6	5	22	14
326	671088640	805306367	914329600	914330623	8	5	22	14
327	0	4294967295	1100920832	1100921855	7	0	22	82
328	0	4294967295	2447464448	2447465471	7	0	22	84
329	0	4294967295	2447465536	2447465567	6	0	27	19
330	4090040448	4090040575	3365912576	3365928959	6	25	18	1
331	4090040448	4090040575	3365912576	3365928959	8	25	18	1
332	4090040448	4090040575	3365912576	3365928959	1	25	18	1
333	4090040448	4090040575	3365912576	3365928959	2	25	18	1
334	4090040448	4090040575	3365912576	3365928959	5	25	18	1
335	4090040448	4090040575	3365912576	3365928959	4	25	18	1
336	4090040448	4090040575	3365912576	3365928959	3	25	18	1
337	4090040448	4090040575	2147483648	4294967295	6	25	1	17
338	4090040448	4090040575	2147483648	4294967295	8	25	1	5
339	4090040416	4090040447	3365797888	3365863423	8	27	16	1
340	4090040395	4090040395	3365912576	3365928959	0	32	18	1
341	4090040400	4090040415	3365666816	3365797887	8	28	15	1
342	2147483648	3221225471	3365904384	3365912575	7	2	19	76
343	1073741824	2147483647	914333696	914341887	7	2	19	32
344	2147483648	4294967295	1100914688	1100918783	7	1	20	83
345	0	2147483647	2447458304	2447462399	7	1	20	83
346	2147483648	4294967295	1100921984	1100922111	6	1	25	23
347	603979776	671088639	914325504	914329599	6	6	20	9
348	603979776	671088639	914325504	914329599	8	6	20	12
349	594782720	594783231	0	536870911	6	23	3	6
350	594782720	594783231	0	536870911	8	23	3	2
351	1073741824	2147483647	914331155	914331155	3	2	32	1
352	4090044416	4090052607	1107296256	1140850687	6	19	7	1
353	4090041344	4090042367	1342177280	1610612735	7	22	4	1
354	4090040395	4090040395	3372220416	3388997631	7	32	8	1
355	2147483648	3221225471	3365897728	3365898239	6	2	23	15
356	2147483648	3221225471	3365897728	3365898239	8	2	23	20
357	4090040576	4090040831	3365912576	3365928959	2	24	18	1
358	4090040576	4090040831	3365912576	3365928959	6	24	18	1
359	4090040576	4090040831	3365912576	3365928959	1	24	18	1
360	4090040576	4090040831	3365912576	3365928959	4	24	18	1
361	4090040576	4090040831	3365912576	3365928959	5	24	18	1
362	4090040576	4090040831	3365912576	3365928959	8	24	18	1
363	3221225472	3758096383	3365863424	3365896191	7	3	17	60
364	2147483648	4294967295	1100922112	1100922367	8	1	24	24
365	2147483648	4294967295	1100922112	1100922367	6	1	24	20
366	0	2147483647	2447465728	2447465983	6	1	24	22
367	2147483648	4294967295	1100906496	1100914687	7	1	19	77
368	0	2147483647	2447466496	2447474687	7	1	19	76
369	594739200	594771967	0	536870911	7	17	3	6
370	594771968	594780159	0	2147483647	7	19	1	12
371	0	4294967295	2447465600	2447465727	6	0	25	17
372	1073741824	2147483647	914341888	914358271	7	2	18	21
373	4090042368	4090044415	1342177280	1610612735	7	21	4	1
374	4090040832	4090041343	3365912576	3365928959	1	23	18	1
375	4090040832	4090041343	3365912576	3365928959	6	23	18	1
376	4090040832	4090041343	3365912576	3365928959	4	23	18	1
377	4090040832	4090041343	3365912576	3365928959	2	23	18	1
378	4090040832	4090041343	3365912576	3365928959	8	23	18	1
379	4090040832	4090041343	3365912576	3365928959	5	23	18	1
380	4090040395	4090040395	3388997632	3422552063	7	32	7	1
381	2147483648	3221225471	3365896192	3365897215	8	2	22	22
382	2147483648	3221225471	3365896192	3365897215	6	2	22	14
383	4090040396	4090040399	3368026112	3372220415	7	30	10	1
384	3758096384	4026531839	3365900288	3365904383	6	4	20	14
385	3758096384	4026531839	3365900288	3365904383	8	4	20	15
386	805306368	1073741823	914325504	914329599	8	4	20	5
387	805306368	1073741823	914325504	914329599	6	4	20	3
388	2147483648	4294967295	1100922880	1100939263	7	1	18	74
389	1073741824	2147483647	914292736	914325503	7	2	17	46
390	4090052608	4090068991	0	4294967295	7	18	0	17
391	4090040416	4090040447	3364880384	3365404671	5	27	13	1
392	4090040395	4090040395	3388997632	3422552063	1	32	7	1
393	4090041344	4090042367	3365912576	3365928959	8	22	18	1
394	4090041344	4090042367	3365912576	3365928959	3	22	18	1
395	4090041344	4090042367	3365912576	3365928959	5	22	18	1
396	4090041344	4090042367	3365912576	3365928959	6	22	18	1
397	4090041344	4090042367	3365912576	3365928959	1	22	18	1
398	4090040400	4090040415	3363831808	3364880383	6	28	12	1
399	4090040400	4090040415	3363831808	3364880383	2	28	12	1
400	2147483648	3221225471	3365898240	3365900287	8	2	21	15
401	2147483648	3221225471	3365898240	3365900287	6	2	21	14
402	1073741824	2147483647	914331648	914333695	6	2	21	9
403	1073741824	2147483647	914331648	914333695	8	2	21	8
404	4090040396	4090040399	3368026112	3372220415	6	30	10	1
405	4090040396	4090040399	3368026112	3372220415	5	30	10	1
406	4090040396	4090040399	3365912576	3365928959	0	30	18	1
407	4090040576	4090040831	3365797888	3365863423	6	24	16	1
408	4090040576	4090040831	3365797888	3365863423	1	24	16	1
409	4090040576	4090040831	3365797888	3365863423	4	24	16	1
410	2147483648	4294967295	1100920832	1100921855	8	1	22	3
411	2147483648	4294967295	1100920832	1100921855	6	1	22	4
412	536870912	570425343	0	2147483647	7	7	1	22
413	536870912	570425343	0	2147483647	8	7	1	5
414	805306368	1073741823	914333696	914341887	8	4	19	12
415	805306368	1073741823	914333696	914341887	6	4	19	9
416	671088640	805306367	914341888	914358271	8	5	18	10
417	671088640	805306367	914341888	914358271	6	5	18	13
418	594783232	594784255	914331200	914331263	0	22	26	1
419	594783232	594784255	0	2147483647	6	22	1	2
420	0	4294967295	1100922368	1100922879	8	0	23	19
421	0	4294967295	1100922368	1100922879	6	0	23	23
422	0	4294967295	2447465984	2447466495	6	0	23	19
423	0	4294967295	2447465984	2447466495	8	0	23	26
424	0	4294967295	2447441920	2447458303	7	0	18	72
425	1073741824	2147483647	805306368	872415231	7	2	6	17
426	1073741824	2147483647	914227200	914292735	7	2	16	47
427	4090040416	4090040447	3363831808	3364880383	8	27	12	1
428	4090040832	4090041343	3365797888	3365863423	8	23	16	1
429	4090040832	4090041343	3365797888	3365863423	1	23	16	1
430	4090068992	4090101759	0	4294967295	7	17	0	12
431	4090040395	4090040395	3221225472	3355443199	7	32	5	1
432	4090042368	4090044415	3365912576	3365928959	5	21	18	1
433	4090042368	4090044415	3365912576	3365928959	6	21	18	1
434	4090042368	4090044415	3365912576	3365928959	2	21	18	1
435	4090042368	4090044415	3365912576	3365928959	1	21	18	1
436	4090042368	4090044415	3365912576	3365928959	8	21	18	1
437	4090042368	4090044415	3365912576	3365928959	3	21	18	1
438	4090042368	4090044415	3365912576	3365928959	4	21	18	1
439	4090040400	4090040415	3365928960	3368026111	8	28	11	1
440	4090040400	4090040415	3365928960	3368026111	5	28	11	1
441	4090040400	4090040415	3365928960	3368026111	1	28	11	1
442	4090040396	4090040399	3355443200	3363831807	1	30	9	1
443	4090040396	4090040399	3355443200	3363831807	4	30	9	1
444	4090040576	4090040831	3365666816	3365797887	6	24	15	1
445	2147483648	4294967295	1100918784	1100920831	6	1	21	21
446	2147483648	4294967295	1100918784	1100920831	8	1	21	23
447	0	2147483647	2447462400	2447464447	6	1	21	20
448	0	2147483647	2447462400	2447464447	8	1	21	24
449	594782528	594782591	914331648	914333695	0	26	21	1
450	0	4294967295	1100920832	1100921855	6	0	22	24
451	0	4294967295	1100920832	1100921855	8	0	22	20
452	0	4294967295	2447464448	2447465471	8	0	22	23
453	0	4294967295	2447464448	2447465471	6	0	22	25
454	0	4294967295	2447474688	2447507455	7	0	17	59
455	1073741824	2147483647	914096128	914227199	7	2	15	39
456	4090101760	4090232831	1107296256	1140850687	6	15	7	1
457	4076863488	4085252095	3388997632	3422552063	7	9	7	39
458	4090040416	4090040447	3365928960	3368026111	4	27	11	1
459	4090040416	4090040447	3365928960	3368026111	6	27	11	1
460	4090040416	4090040447	3365928960	3368026111	5	27	11	1
461	4090040832	4090041343	3365666816	3365797887	6	23	15	1
462	4090040832	4090041343	3365666816	3365797887	8	23	15	1
463	4093640704	4160749567	0	4294967295	7	6	0	69
464	4093640704	4160749567	0	4294967295	8	6	0	27
465	4090041344	4090042367	3365797888	3365863423	8	22	16	1
466	4090041344	4090042367	3365797888	3365863423	3	22	16	1
467	4090041344	4090042367	3365797888	3365863423	6	22	16	1
468	4090040400	4090040415	3365912576	3365928959	0	28	18	1
469	4090040400	4090040415	3368026112	3372220415	8	28	10	1
470	4090040400	4090040415	3368026112	3372220415	1	28	10	1
471	4090040400	4090040415	3368026112	3372220415	3	28	10	1
472	4090040400	4090040415	3368026112	3372220415	5	28	10	1
473	4090040400	4090040415	3355443200	3363831807	7	28	9	1
474	2147483648	3221225471	3365904384	3365912575	6	2	19	12
475	2147483648	3221225471	3365904384	3365912575	8	2	19	9
476	1073741824	2147483647	914333696	914341887	8	2	19	2
477	1073741824	2147483647	914333696	914341887	6	2	19	3
478	4090040396	4090040399	3365797888	3365863423	0	30	16	1
479	4090040396	4090040399	3372220416	3388997631	1	30	8	1
480	4090040396	4090040399	3372220416	3388997631	3	30	8	1
481	4090040396	4090040399	3372220416	3388997631	5	30	8	1
482	4090040396	4090040399	3372220416	3388997631	2	30	8	1
483	2147483648	4294967295	1100914688	1100918783	8	1	20	23
484	2147483648	4294967295	1100914688	1100918783	6	1	20	18
485	0	2147483647	2447458304	2447462399	8	1	20	17
486	0	2147483647	2447458304	2447462399	6	1	20	18
487	594782208	594782463	914329600	914330623	0	24	22	1
488	594784256	594788351	914331200	914331263	0	20	26	1
489	0	4294967295	2447376384	2447441919	7	0	16	27
490	1073741824	2147483647	913833984	914096127	7	2	14	21
491	1073741824	2147483647	536870912	805306367	7	2	4	47
492	1073741824	2147483647	536870912	805306367	8	2	4	15
493	4090232832	4090494975	1107296256	1140850687	6	14	7	1
494	4090101760	4090232831	0	4294967295	7	15	0	5
495	4090040416	4090040447	3365912576	3365928959	0	27	18	1
496	4090040416	4090040447	3368026112	3372220415	6	27	10	1
497	4090041344	4090042367	3365666816	3365797887	4	22	15	1
498	4090041344	4090042367	3365666816	3365797887	8	22	15	1
499	4090041344	4090042367	3365666816	3365797887	6	22	15	1
500	4090042368	4090044415	3365797888	3365863423	6	21	16	1
501	4090042368	4090044415	3365797888	3365863423	3	21	16	1
502	4090042368	4090044415	3365797888	3365863423	1	21	16	1
503	4090042368	4090044415	3365797888	3365863423	4	21	16	1
504	4090042368	4090044415	3365797888	3365863423	8	21	16	1
505	4090042368	4090044415	3365797888	3365863423	2	21	16	1
506	4090040400	4090040415	3355443200	3363831807	4	28	9	1
507	4090040400	4090040415	3355443200	3363831807	8	28	9	1
508	4090040400	4090040415	3355443200	3363831807	6	28	9	1
509	4090040400	4090040415	3355443200	3363831807	1	28	9	1
510	4090040400	4090040415	3355443200	3363831807	3	28	9	1
511	4160749568	4294967295	0	4294967295	8	5	0	49
512	4160749568	4294967295	0	4294967295	7	5	0	96
513	4090040576	4090040831	3364880384	3365404671	8	24	13	1
514	3221225472	3758096383	3365863424	3365896191	6	3	17	8
515	3221225472	3758096383	3365863424	3365896191	8	3	17	7
516	2147483648	4294967295	1100906496	1100914687	6	1	19	12
517	2147483648	4294967295	1100906496	1100914687	8	1	19	14
518	0	2147483647	2447466496	2447474687	6	1	19	21
519	0	2147483647	2447466496	2447474687	8	1	19	14
520	570425344	587202559	872415232	905969663	7	8	7	39
521	0	4294967295	2447507456	2447638527	7	0	15	6
522	0	4294967295	2550136832	2684354559	7	0	5	18
523	1073741824	2147483647	913309696	913833983	7	2	13	9
524	1073741824	2147483647	914341888	914358271	6	2	18	1
525	4090040448	4090040575	3365928960	3368026111	6	25	11	1
526	4090040448	4090040575	3365928960	3368026111	8	25	11	1
527	4090040832	4090041343	3364880384	3365404671	2	23	13	1
528	4090040832	4090041343	3364880384	3365404671	8	23	13	1
529	4090042368	4090044415	3365666816	3365797887	8	21	15	1
530	4090042368	4090044415	3365666816	3365797887	5	21	15	1
531	4090042368	4090044415	3365666816	3365797887	2	21	15	1
532	4090042368	4090044415	3365666816	3365797887	6	21	15	1
533	4090042368	4090044415	3365666816	3365797887	3	21	15	1
534	4090040400	4090040415	3365797888	3365863423	0	28	16	1
535	4090040576	4090040831	3363831808	3364880383	8	24	12	1
536	2147483648	4294967295	1100922880	1100939263	8	1	18	12
537	2147483648	4294967295	1100922880	1100939263	6	1	18	10
538	0	4294967295	2147483648	2415919103	8	0	4	18
539	0	4294967295	2147483648	2415919103	7	0	4	52
540	1073741824	2147483647	912261120	913309695	7	2	12	8
541	1073741824	2147483647	914292736	914325503	6	2	17	7
542	1073741824	2147483647	914292736	914325503	8	2	17	2
543	1073741824	2147483647	1100873728	1100906495	7	2	17	2
544	4090044416	4090052607	3365797888	3365863423	6	19	16	1
545	4090044416	4090052607	3365797888	3365863423	3	19	16	1
546	4090044416	4090052607	3365797888	3365863423	2	19	16	1
547	4090044416	4090052607	3365797888	3365863423	8	19	16	1
548	4090044416	4090052607	3365797888	3365863423	5	19	16	1
549	4090044416	4090052607	3365797888	3365863423	1	19	16	1
550	4090040448	4090040575	3365912576	3365928959	0	25	18	1
551	4090040416	4090040447	3365797888	3365863423	0	27	16	1
552	4090040832	4090041343	3363831808	3364880383	6	23	12	1
553	4090041344	4090042367	3364880384	3365404671	4	22	13	1
554	4090041344	4090042367	3364880384	3365404671	3	22	13	1
555	4090041344	4090042367	3364880384	3365404671	2	22	13	1
556	4090041344	4090042367	3364880384	3365404671	6	22	13	1
557	4090040384	4090040391	3422552064	3489660927	3	29	6	1
558	4090040384	4090040391	3422552064	3489660927	1	29	6	1
559	4090040384	4090040391	3422552064	3489660927	4	29	6	1
560	4090040384	4090040391	3422552064	3489660927	5	29	6	1
561	2147483648	3221225471	3365897472	3365897472	5	2	32	1
562	4090040394	4090040394	3758096384	4294967295	2	32	3	1
563	4090040394	4090040394	3758096384	4294967295	3	32	3	1
564	4090040394	4090040394	3758096384	4294967295	1	32	3	1
565	4090040394	4090040394	3758096384	4294967295	4	32	3	1
566	594788352	594804735	914292736	914325503	6	18	17	1
567	594788352	594804735	914292736	914325503	2	18	17	1
568	594788352	594804735	914292736	914325503	3	18	17	1
569	594788352	594804735	914292736	914325503	8	18	17	1
570	594788352	594804735	914292736	914325503	1	18	17	1
571	594788352	594804735	914292736	914325503	4	18	17	1
572	594788352	594804735	914292736	914325503	5	18	17	1
573	0	2147483647	2147483648	3221225471	7	1	2	94
574	0	2147483647	2147483648	3221225471	8	1	2	47
575	0	4294967295	2447441920	2447458303	8	0	18	14
576	0	4294967295	2447441920	2447458303	6	0	18	11
577	0	4294967295	2684354560	3221225471	7	0	3	60
578	0	4294967295	2684354560	3221225471	8	0	3	34
579	1073741824	2147483647	914331155	914331155	0	2	32	1
580	1073741824	2147483647	914227200	914292735	8	2	16	3
581	1073741824	2147483647	914227200	914292735	6	2	16	3
582	4090044416	4090052607	3365666816	3365797887	6	19	15	1
583	4090044416	4090052607	3365666816	3365797887	8	19	15	1
584	4090044416	4090052607	3365666816	3365797887	2	19	15	1
585	4090044416	4090052607	3365666816	3365797887	1	19	15	1
586	4026531840	4060086271	3221225472	3355443199	7	7	5	5
587	4090041344	4090042367	3363831808	3364880383	8	22	12	1
588	4090042368	4090044415	3364880384	3365404671	8	21	13	1
589	4090042368	4090044415	3364880384	3365404671	6	21	13	1
590	4090042368	4090044415	3364880384	3365404671	2	21	13	1
591	4090040576	4090040831	3365912576	3365928959	0	24	18	1
592	594782488	594782495	939524096	1073741823	5	29	5	1
593	594782488	594782495	939524096	1073741823	4	29	5	1
594	594782488	594782495	939524096	1073741823	2	29	5	1
595	594782488	594782495	939524096	1073741823	3	29	5	1
596	594782488	594782495	939524096	1073741823	1	29	5	1
597	0	4294967295	2447474688	2447507455	6	0	17	10
598	0	4294967295	2447474688	2447507455	8	0	17	7
599	0	4294967295	2147483648	3221225471	7	0	2	103
600	0	4294967295	2147483648	3221225471	8	0	2	71
601	1073741824	2147483647	914096128	914227199	8	2	15	1
602	4076863488	4085252095	3388997632	3422552063	6	9	7	9
603	4076863488	4085252095	3388997632	3422552063	8	9	7	2
604	4090040448	4090040575	3365797888	3365863423	0	25	16	1
605	4090040832	4090041343	3365912576	3365928959	0	23	18	1
606	4090042368	4090044415	3363831808	3364880383	6	21	12	1
607	4090042368	4090044415	3363831808	3364880383	3	21	12	1
608	594782487	594782487	0	2147483647	1	32	1	1
609	594782487	594782487	0	2147483647	3	32	1	1
610	594782487	594782487	0	2147483647	2	32	1	1
611	594804736	595066879	914333696	914341887	6	14	19	1
612	594804736	595066879	914333696	914341887	8	14	19	1
613	594804736	595066879	914333696	914341887	5	14	19	1
614	594804736	595066879	914333696	914341887	3	14	19	1
615	594804736	595066879	914333696	914341887	4	14	19	1
616	594804736	595066879	914333696	914341887	2	14	19	1
617	0	4294967295	2447376384	2447441919	6	0	16	2
618	0	4294967295	2447376384	2447441919	8	0	16	1
619	0	4294967295	2447465584	2447465584	2	0	32	1
620	1073741824	2147483647	913833984	914096127	8	2	14	2
621	1073741824	2147483647	913833984	914096127	6	2	14	3
622	4090040448	4090040575	3365666816	3365797887	0	25	15	1
623	4090040416	4090040447	3364880384	3365404671	0	27	13	1
624	4090040395	4090040395	3388997632	3422552063	0	32	7	1
625	4090041344	4090042367	3365912576	3365928959	0	22	18	1
626	4090040400	4090040415	3363831808	3364880383	0	28	12	1
627	4090040396	4090040399	3368026112	3372220415	0	30	10	1
628	4090040576	4090040831	3365797888	3365863423	0	24	16	1
629	570425344	587202559	872415232	905969663	6	8	7	6
630	570425344	587202559	872415232	905969663	8	8	7	5
631	0	2147483647	2447465586	2447465587	2	1	31	1
632	0	536870911	914331160	914331167	4	3	29	1
633	0	536870911	914331160	914331167	2	3	29	1
634	0	536870911	914331160	914331167	1	3	29	1
635	0	536870911	914331160	914331167	5	3	29	1
636	0	536870911	914331160	914331167	3	3	29	1
637	0	4294967295	2447465585	2447465585	1	0	32	1
638	0	4294967295	0	4294967295	8	0	0	219
639	0	4294967295	0	4294967295	7	0	0	236
640	1073741824	2147483647	913309696	913833983	6	2	13	4
641	4090040416	4090040447	3363831808	3364880383	0	27	12	1
642	4090040832	4090041343	3365797888	3365863423	0	23	16	1
643	4090042368	4090044415	3365912576	3365928959	0	21	18	1
644	4090040400	4090040415	3365928960	3368026111	0	28	11	1
645	1073741824	2147483647	1100921920	1100921935	6	2	28	1
646	4090040396	4090040399	3355443200	3363831807	0	30	9	1
647	4090040396	4090040399	2147483648	4294967295	4	30	1	1
648	4090040396	4090040399	2147483648	4294967295	2	30	1	1
649	4090040396	4090040399	2147483648	4294967295	5	30	1	1
650	4090040396	4090040399	2147483648	4294967295	1	30	1	1
651	594782480	594782483	0	2147483647	2	30	1	1
652	594782480	594782483	0	2147483647	4	30	1	1
653	587202560	591396863	536870912	805306367	7	10	4	3
654	4090040448	4090040575	3364880384	3365404671	0	25	13	1
655	4090040416	4090040447	3365928960	3368026111	0	27	11	1
656	4090040832	4090041343	3365666816	3365797887	0	23	15	1
657	4090041344	4090042367	3365797888	3365863423	0	22	16	1
658	4090040400	4090040415	3368026112	3372220415	0	28	10	1
659	4090040320	4090040383	3489660928	3758096383	1	26	4	1
660	4090040320	4090040383	3489660928	3758096383	2	26	4	1
661	4090040320	4090040383	3489660928	3758096383	5	26	4	1
662	4090040320	4090040383	3489660928	3758096383	4	26	4	1
663	4090040320	4090040383	3489660928	3758096383	3	26	4	1
664	2147483648	3221225471	3365897488	3365897503	3	2	28	1
665	4090040396	4090040399	3372220416	3388997631	0	30	8	1
666	0	2147483647	2447465592	2447465599	4	1	29	1
667	536870912	570425343	0	2147483647	6	7	1	10
668	0	4294967295	2447465588	2447465591	5	0	30	1
669	1073741824	2147483647	910163968	912261119	7	2	11	2
670	1073741824	2147483647	805306368	872415231	6	2	6	8
671	4090044416	4090052607	3365912576	3365928959	0	19	18	1
672	4090040416	4090040447	3368026112	3372220415	0	27	10	1
673	4090041344	4090042367	3365666816	3365797887	0	22	15	1
674	4090042368	4090044415	3365797888	3365863423	0	21	16	1
675	4090040400	4090040415	3355443200	3363831807	0	28	9	1
676	4090040400	4090040415	2147483648	4294967295	1	28	1	1
677	4090040400	4090040415	2147483648	4294967295	5	28	1	1
678	4090040400	4090040415	2147483648	4294967295	2	28	1	1
679	4090040400	4090040415	2147483648	4294967295	3	28	1	1
680	4090040400	4090040415	2147483648	4294967295	4	28	1	1
681	4090040320	4090040383	3758096384	4294967295	3	26	3	1
682	4090040320	4090040383	3758096384	4294967295	4	26	3	1
683	4090040320	4090040383	3758096384	4294967295	5	26	3	1
684	4090040576	4090040831	3364880384	3365404671	0	24	13	1
685	3221225472	3758096383	3365897536	3365897599	1	3	26	1
686	0	2147483647	2447465568	2447465583	5	1	28	1
687	0	4294967295	2449473536	2483027967	6	0	7	3
688	4090040448	4090040575	3365928960	3368026111	0	25	11	1
689	4090040416	4090040447	2147483648	4294967295	1	27	1	1
690	4090040416	4090040447	2147483648	4294967295	5	27	1	1
691	4090040416	4090040447	2147483648	4294967295	4	27	1	1
692	4090040416	4090040447	2147483648	4294967295	2	27	1	1
693	4090040416	4090040447	2147483648	4294967295	3	27	1	1
694	594782496	594782527	0	2147483647	2	27	1	1
695	594782496	594782527	0	2147483647	1	27	1	1
696	594782496	594782527	0	2147483647	5	27	1	1
697	4090040832	4090041343	3364880384	3365404671	0	23	13	1
698	4093640704	4160749567	0	4294967295	6	6	0	38
699	4090042368	4090044415	3365666816	3365797887	0	21	15	1
700	4090040576	4090040831	3363831808	3364880383	0	24	12	1
701	594782592	594782719	0	536870911	4	25	3	1
702	594782592	594782719	0	536870911	1	25	3	1
703	594782592	594782719	0	536870911	2	25	3	1
704	594782592	594782719	0	536870911	5	25	3	1
705	594782592	594782719	0	536870911	3	25	3	1
706	1073741824	2147483647	914358272	922746879	6	2	9	2
707	1073741824	2147483647	536870912	805306367	6	2	4	21
708	4090044416	4090052607	3365797888	3365863423	0	19	16	1
709	4090040832	4090041343	3363831808	3364880383	0	23	12	1
710	4090041344	4090042367	3364880384	3365404671	0	22	13	1
711	4090040384	4090040391	3422552064	3489660927	0	29	6	1
712	4160749568	4294967295	0	4294967295	6	5	0	53
713	2147483648	3221225471	3365897472	3365897472	0	2	32	1
714	4090040394	4090040394	3758096384	4294967295	0	32	3	1
715	594788352	594804735	914292736	914325503	0	18	17	1
716	0	4294967295	2550136832	2684354559	6	0	5	15
717	0	4294967295	2447465536	2447465567	5	0	27	1
718	1073741824	2147483647	922746880	939524095	7	2	8	1
719	4090232832	4090494975	1099956224	1100480511	5	14	13	1
720	4090044416	4090052607	1073741824	1090519039	6	19	8	1
721	4090044416	4090052607	3365666816	3365797887	0	19	15	1
722	4090040448	4090040575	2147483648	4294967295	3	25	1	1
723	4090040448	4090040575	2147483648	4294967295	5	25	1	1
724	4090040448	4090040575	2147483648	4294967295	4	25	1	1
725	4090040448	4090040575	2147483648	4294967295	1	25	1	1
726	4090040448	4090040575	2147483648	4294967295	2	25	1	1
727	4090041344	4090042367	3363831808	3364880383	0	22	12	1
728	4090042368	4090044415	3364880384	3365404671	0	21	13	1
729	594782486	594782486	0	2147483647	0	32	1	1
730	594782720	594783231	0	536870911	1	23	3	1
731	594782720	594783231	0	536870911	4	23	3	1
732	594782720	594783231	0	536870911	3	23	3	1
733	594782720	594783231	0	536870911	2	23	3	1
734	594782720	594783231	0	536870911	5	23	3	1
735	594782488	594782495	939524096	1073741823	0	29	5	1
736	0	4294967295	2147483648	2415919103	6	0	4	16
737	4090232832	4090494975	1098907648	1099956223	6	14	12	1
738	1073741824	2147483647	1073741824	2147483647	7	2	2	1
739	4090042368	4090044415	3363831808	3364880383	0	21	12	1
740	2147483648	4294967295	1100922112	1100922367	2	1	24	1
741	0	2147483647	2447465728	2447465983	3	1	24	1
742	594780160	594782207	536870912	805306367	1	21	4	1
743	594780160	594782207	536870912	805306367	6	21	4	1
744	594780160	594782207	536870912	805306367	5	21	4	1
745	594780160	594782207	536870912	805306367	3	21	4	1
746	594780160	594782207	536870912	805306367	8	21	4	1
747	594780160	594782207	536870912	805306367	4	21	4	1
748	594780160	594782207	536870912	805306367	2	21	4	1
749	594782487	594782487	0	2147483647	0	32	1	1
750	594804736	595066879	914333696	914341887	0	14	19	1
751	0	2147483647	2147483648	3221225471	6	1	2	50
752	594783232	594784255	0	536870911	6	22	3	1
753	594783232	594784255	0	536870911	8	22	3	1
754	594783232	594784255	0	536870911	4	22	3	1
755	0	4294967295	2415919104	2432696319	7	0	8	1
756	0	4294967295	2447465584	2447465584	0	0	32	1
757	0	4294967295	2447465600	2447465727	4	0	25	1
758	0	4294967295	2447465600	2447465727	2	0	25	1
759	0	4294967295	2684354560	3221225471	6	0	3	29
760	1073741824	2147483647	805306368	872415231	8	2	6	4
761	4090232832	4090494975	1101004800	1103101951	8	14	11	1
762	3758096384	4026531839	3365900288	3365904383	1	4	20	1
763	0	2147483647	2447465586	2447465587	0	1	31	1
764	0	2147483647	2483027968	2550136831	7	1	6	13
765	0	2147483647	2483027968	2550136831	8	1	6	3
766	0	2147483647	2483027968	2550136831	6	1	6	3
767	0	536870911	914331160	914331167	0	3	29	1
768	0	4294967295	1073741824	2147483647	7	0	2	21
769	0	4294967295	1073741824	2147483647	6	0	2	9
770	0	4294967295	2147483648	3221225471	6	0	2	54
771	0	4294967295	2449473536	2483027967	7	0	7	3
772	0	4294967295	2447465585	2447465585	0	0	32	1
773	4090232832	4090494975	1103101952	1107296255	6	14	10	1
774	4090036224	4090040319	3758096384	4294967295	6	20	3	1
775	4090036224	4090040319	3758096384	4294967295	8	20	3	1
776	4090036224	4090040319	3758096384	4294967295	2	20	3	1
777	4090036224	4090040319	3758096384	4294967295	5	20	3	1
778	4090036224	4090040319	3758096384	4294967295	4	20	3	1
779	4090036224	4090040319	3758096384	4294967295	1	20	3	1
780	4090036224	4090040319	3758096384	4294967295	3	20	3	1
781	4090040396	4090040399	2147483648	4294967295	0	30	1	1
782	594782480	594782483	0	2147483647	0	30	1	1
783	671088640	805306367	914341888	914358271	5	5	18	1
784	671088640	805306367	914341888	914358271	3	5	18	1
785	671088640	805306367	914341888	914358271	4	5	18	1
786	594783232	594784255	0	2147483647	1	22	1	1
787	594783232	594784255	0	2147483647	4	22	1	1
788	594783232	594784255	0	2147483647	3	22	1	1
789	594783232	594784255	0	2147483647	8	22	1	1
790	594783232	594784255	0	2147483647	2	22	1	1
791	4090232832	4090494975	1090519040	1098907647	8	14	9	1
792	4089970688	4090036223	3422552064	3489660927	6	16	6	1
793	4089970688	4090036223	3422552064	3489660927	8	16	6	1
794	4089970688	4090036223	3422552064	3489660927	4	16	6	1
795	4089970688	4090036223	3422552064	3489660927	3	16	6	1
796	4089970688	4090036223	3422552064	3489660927	5	16	6	1
797	4089970688	4090036223	3422552064	3489660927	1	16	6	1
798	4090040320	4090040383	3489660928	3758096383	0	26	4	1
799	2147483648	3221225471	3365897488	3365897503	0	2	28	1
800	2147483648	4294967295	1100921944	1100921951	0	1	29	1
801	2147483648	4294967295	1100918784	1100920831	1	1	21	1
802	594782488	594782495	0	2147483647	0	29	1	1
803	0	4294967295	2550136832	2684354559	8	0	5	5
804	0	4294967295	2447465588	2447465591	0	0	30	1
805	0	4294967295	0	4294967295	6	0	0	102
806	4089446400	4089970687	3372220416	3388997631	8	13	8	1
807	4089446400	4089970687	3372220416	3388997631	4	13	8	1
808	4089446400	4089970687	3372220416	3388997631	2	13	8	1
809	4089446400	4089970687	3372220416	3388997631	5	13	8	1
810	4089446400	4089970687	3372220416	3388997631	6	13	8	1
811	4089446400	4089970687	3372220416	3388997631	1	13	8	1
812	4089446400	4089970687	3372220416	3388997631	3	13	8	1
813	595066880	595591167	922746880	939524095	8	13	8	1
814	595066880	595591167	922746880	939524095	6	13	8	1
815	595066880	595591167	922746880	939524095	5	13	8	1
816	595066880	595591167	922746880	939524095	3	13	8	1
817	595066880	595591167	922746880	939524095	2	13	8	1
818	595066880	595591167	922746880	939524095	1	13	8	1
819	595066880	595591167	922746880	939524095	4	13	8	1
820	4026531840	4060086271	3365404672	3365666815	8	7	14	1
821	4026531840	4060086271	3365404672	3365666815	3	7	14	1
822	4026531840	4060086271	3365404672	3365666815	6	7	14	1
823	4026531840	4060086271	3365404672	3365666815	2	7	14	1
824	4026531840	4060086271	3365404672	3365666815	5	7	14	1
825	4026531840	4060086271	3365404672	3365666815	1	7	14	1
826	4090040400	4090040415	2147483648	4294967295	0	28	1	1
827	4090040320	4090040383	3758096384	4294967295	0	26	3	1
828	3221225472	3758096383	3365897536	3365897599	0	3	26	1
829	2147483648	4294967295	1100914688	1100918783	2	1	20	1
830	594673664	594739199	939524096	1073741823	8	16	5	1
831	594673664	594739199	939524096	1073741823	6	16	5	1
832	594673664	594739199	939524096	1073741823	3	16	5	1
833	594673664	594739199	939524096	1073741823	5	16	5	1
834	594673664	594739199	939524096	1073741823	2	16	5	1
835	594673664	594739199	939524096	1073741823	1	16	5	1
836	0	2147483647	2447465568	2447465583	0	1	28	1
837	1073741824	2147483647	1610612736	2147483647	7	2	3	1
838	1073741824	2147483647	1610612736	2147483647	6	2	3	1
839	4090040416	4090040447	2147483648	4294967295	0	27	1	1
840	594782496	594782527	0	2147483647	0	27	1	1
841	3221225472	3758096383	3365863424	3365896191	2	3	17	1
842	3221225472	3758096383	3365863424	3365896191	3	3	17	1
843	3221225472	3758096383	3365863424	3365896191	4	3	17	1
844	594542592	594673663	939524096	1073741823	2	15	5	1
845	594542592	594673663	939524096	1073741823	1	15	5	1
846	594542592	594673663	939524096	1073741823	8	15	5	1
847	594542592	594673663	939524096	1073741823	6	15	5	1
848	594542592	594673663	939524096	1073741823	5	15	5	1
849	594739200	594771967	0	536870911	6	17	3	1
850	594739200	594771967	0	536870911	2	17	3	1
851	594739200	594771967	0	536870911	4	17	3	1
852	594739200	594771967	0	536870911	8	17	3	1
853	594739200	594771967	0	536870911	5	17	3	1
854	594739200	594771967	0	536870911	3	17	3	1
855	594739200	594771967	0	536870911	1	17	3	1
856	594771968	594780159	0	2147483647	4	19	1	1
857	594771968	594780159	0	2147483647	6	19	1	1
858	594771968	594780159	0	2147483647	1	19	1	1
859	594771968	594780159	0	2147483647	8	19	1	1
860	594771968	594780159	0	2147483647	5	19	1	1
861	594771968	594780159	0	2147483647	2	19	1	1
862	594771968	594780159	0	2147483647	3	19	1	1
863	594782592	594782719	0	536870911	0	25	3	1
864	4090232832	4090494975	1100480512	1100742655	0	14	14	1
865	0	2147483647	2447465472	2447465535	0	1	26	1
866	0	4294967295	1073741824	2147483647	8	0	2	8
867	0	4294967295	2447465536	2447465567	0	0	27	1
868	4090044416	4090052607	1073741824	1090519039	0	19	8	1
869	4090042368	4090044415	1140850688	1207959551	0	21	6	1
870	4090052608	4090068991	0	4294967295	6	18	0	1
871	4090052608	4090068991	0	4294967295	8	18	0	1
872	4090052608	4090068991	0	4294967295	2	18	0	1
873	4090052608	4090068991	0	4294967295	1	18	0	1
874	4090052608	4090068991	0	4294967295	5	18	0	1
875	4090052608	4090068991	0	4294967295	4	18	0	1
876	4090052608	4090068991	0	4294967295	3	18	0	1
877	4090040448	4090040575	2147483648	4294967295	0	25	1	1
878	593494016	594542591	805306368	872415231	8	12	6	1
879	593494016	594542591	805306368	872415231	3	12	6	1
880	593494016	594542591	805306368	872415231	4	12	6	1
881	593494016	594542591	805306368	872415231	2	12	6	1
882	593494016	594542591	805306368	872415231	6	12	6	1
883	593494016	594542591	805306368	872415231	5	12	6	1
884	593494016	594542591	805306368	872415231	1	12	6	1
885	594782720	594783231	0	536870911	0	23	3	1
886	1073741824	2147483647	914096128	914227199	6	2	15	2
887	4090068992	4090101759	0	4294967295	6	17	0	1
888	4090068992	4090101759	0	4294967295	1	17	0	1
889	4090068992	4090101759	0	4294967295	5	17	0	1
890	4090068992	4090101759	0	4294967295	8	17	0	1
891	4090068992	4090101759	0	4294967295	4	17	0	1
892	4090068992	4090101759	0	4294967295	3	17	0	1
893	2147483648	3221225471	3365897728	3365898239	0	2	23	1
894	2147483648	4294967295	1100922112	1100922367	0	1	24	1
895	591396864	593494015	805306368	872415231	4	11	6	1
896	591396864	593494015	805306368	872415231	3	11	6	1
897	591396864	593494015	805306368	872415231	6	11	6	1
898	591396864	593494015	805306368	872415231	8	11	6	1
899	591396864	593494015	805306368	872415231	1	11	6	1
900	591396864	593494015	805306368	872415231	2	11	6	1
901	591396864	593494015	805306368	872415231	5	11	6	1
902	594780160	594782207	536870912	805306367	0	21	4	1
903	4090042368	4090044415	1342177280	1610612735	0	21	4	1
904	594783232	594784255	0	536870911	0	22	3	1
905	0	4294967295	2447465600	2447465727	0	0	25	1
906	1073741824	2147483647	914096128	914227199	2	2	15	1
907	1073741824	2147483647	914096128	914227199	4	2	15	1
908	4090232832	4090494975	1101004800	1103101951	0	14	11	1
909	4090044416	4090052607	1140850688	1207959551	0	19	6	1
910	4076863488	4085252095	3388997632	3422552063	1	9	7	1
911	4076863488	4085252095	3388997632	3422552063	5	9	7	1
912	3758096384	4026531839	3365900288	3365904383	0	4	20	1
913	4090101760	4090232831	0	4294967295	3	15	0	1
914	4090101760	4090232831	0	4294967295	8	15	0	1
915	4090101760	4090232831	0	4294967295	5	15	0	1
916	4090101760	4090232831	0	4294967295	6	15	0	1
917	4090101760	4090232831	0	4294967295	1	15	0	1
918	4090036224	4090040319	3758096384	4294967295	0	20	3	1
919	805306368	1073741823	914333696	914341887	0	4	19	1
920	570425344	587202559	872415232	905969663	4	8	7	1
921	570425344	587202559	872415232	905969663	1	8	7	1
922	570425344	587202559	872415232	905969663	2	8	7	1
923	671088640	805306367	914341888	914358271	0	5	18	1
924	594783232	594784255	0	2147483647	0	22	1	1
925	0	4294967295	1100922368	1100922879	0	0	23	1
926	0	4294967295	2447465984	2447466495	0	0	23	1
927	1073741824	2147483647	913309696	913833983	8	2	13	1
928	4090232832	4090494975	1090519040	1098907647	0	14	9	1
929	4090232832	4090494975	0	4294967295	8	14	0	1
930	4090232832	4090494975	0	4294967295	6	14	0	1
931	4089970688	4090036223	3422552064	3489660927	0	16	6	1
932	2147483648	4294967295	1100918784	1100920831	0	1	21	1
933	0	2147483647	2447462400	2447464447	0	1	21	1
934	587202560	591396863	536870912	805306367	6	10	4	1
935	587202560	591396863	536870912	805306367	8	10	4	1
936	587202560	591396863	536870912	805306367	3	10	4	1
937	587202560	591396863	536870912	805306367	1	10	4	1
938	0	4294967295	1100920832	1100921855	0	0	22	1
939	0	4294967295	2447638528	2447900671	2	0	14	1
940	1073741824	2147483647	912261120	913309695	5	2	12	1
941	1073741824	2147483647	912261120	913309695	8	2	12	1
942	1073741824	2147483647	912261120	913309695	6	2	12	1
943	4090494976	4091543551	0	4294967295	7	12	0	1
944	4089446400	4089970687	3372220416	3388997631	0	13	8	1
945	595066880	595591167	922746880	939524095	0	13	8	1
946	4026531840	4060086271	3221225472	3355443199	6	7	5	2
947	4026531840	4060086271	3365404672	3365666815	0	7	14	1
948	2147483648	3221225471	3365904384	3365912575	0	2	19	1
949	594673664	594739199	939524096	1073741823	0	16	5	1
950	1073741824	2147483647	910163968	912261119	3	2	11	1
951	1073741824	2147483647	910163968	912261119	8	2	11	1
952	1073741824	2147483647	910163968	912261119	2	2	11	1
953	1073741824	2147483647	910163968	912261119	4	2	11	1
954	1073741824	2147483647	910163968	912261119	1	2	11	1
955	4090232832	4090494975	1107296256	1140850687	0	14	7	1
956	4090494976	4091543551	0	4294967295	1	12	0	1
957	4090494976	4091543551	0	4294967295	3	12	0	1
958	4090494976	4091543551	0	4294967295	8	12	0	1
959	4090494976	4091543551	0	4294967295	4	12	0	1
960	4090494976	4091543551	0	4294967295	6	12	0	1
961	4090494976	4091543551	0	4294967295	2	12	0	1
962	4026531840	4060086271	3221225472	3355443199	1	7	5	1
963	4026531840	4060086271	3221225472	3355443199	5	7	5	1
964	4026531840	4060086271	3221225472	3355443199	4	7	5	1
965	4026531840	4060086271	3221225472	3355443199	3	7	5	1
966	4026531840	4060086271	3221225472	3355443199	2	7	5	1
967	3221225472	3758096383	3365863424	3365896191	0	3	17	1
968	594542592	594673663	939524096	1073741823	0	15	5	1
969	594739200	594771967	0	536870911	0	17	3	1
970	594771968	594780159	0	2147483647	0	19	1	1
971	1073741824	2147483647	905969664	910163967	2	2	10	1
972	1073741824	2147483647	905969664	910163967	5	2	10	1
973	1073741824	2147483647	905969664	910163967	6	2	10	1
974	1073741824	2147483647	905969664	910163967	4	2	10	1
975	1073741824	2147483647	905969664	910163967	1	2	10	1
976	4091543552	4093640703	0	4294967295	5	11	0	1
977	4091543552	4093640703	0	4294967295	6	11	0	1
978	4091543552	4093640703	0	4294967295	3	11	0	1
979	4091543552	4093640703	0	4294967295	8	11	0	1
980	4091543552	4093640703	0	4294967295	2	11	0	1
981	0	4294967295	2445279232	2447376383	6	0	11	1
982	1073741824	2147483647	914358272	922746879	4	2	9	1
983	1073741824	2147483647	914358272	922746879	8	2	9	1
984	1073741824	2147483647	914358272	922746879	3	2	9	1
985	1073741824	2147483647	914358272	922746879	1	2	9	1
986	1073741824	2147483647	914358272	922746879	5	2	9	1
987	1073741824	2147483647	914358272	922746879	2	2	9	1
988	4090052608	4090068991	0	4294967295	0	18	0	1
989	593494016	594542591	805306368	872415231	0	12	6	1
990	0	4294967295	2441084928	2445279231	6	0	10	1
991	1073741824	2147483647	922746880	939524095	6	2	8	1
992	1073741824	2147483647	922746880	939524095	5	2	8	1
993	1073741824	2147483647	922746880	939524095	2	2	8	1
994	1073741824	2147483647	922746880	939524095	4	2	8	1
995	1073741824	2147483647	922746880	939524095	8	2	8	1
996	1073741824	2147483647	922746880	939524095	1	2	8	1
997	1073741824	2147483647	922746880	939524095	3	2	8	1
998	1073741824	2147483647	914227200	914292735	0	2	16	1
999	4090068992	4090101759	0	4294967295	0	17	0	1
1000	591396864	593494015	805306368	872415231	0	11	6	1
1001	0	4294967295	2432696320	2441084927	8	0	9	1
1002	0	4294967295	2432696320	2441084927	6	0	9	1
1003	0	4294967295	2447474688	2447507455	0	0	17	1
1004	1073741824	2147483647	914096128	914227199	0	2	15	1
1005	4076863488	4085252095	3388997632	3422552063	0	9	7	1
1006	536870912	570425343	0	2147483647	2	7	1	1
1007	536870912	570425343	0	2147483647	5	7	1	1
1008	536870912	570425343	0	2147483647	4	7	1	1
1009	536870912	570425343	0	2147483647	3	7	1	1
1010	536870912	570425343	0	2147483647	1	7	1	1
1011	0	4294967295	2447376384	2447441919	0	0	16	1
1012	0	4294967295	2415919104	2432696319	8	0	8	1
1013	0	4294967295	2415919104	2432696319	1	0	8	1
1014	0	4294967295	2415919104	2432696319	5	0	8	1
1015	0	4294967295	2415919104	2432696319	6	0	8	1
1016	0	4294967295	2415919104	2432696319	4	0	8	1
1017	1073741824	2147483647	913833984	914096127	0	2	14	1
1018	1073741824	2147483647	805306368	872415231	3	2	6	1
1019	1073741824	2147483647	805306368	872415231	1	2	6	1
1020	1073741824	2147483647	805306368	872415231	2	2	6	1
1021	1073741824	2147483647	805306368	872415231	4	2	6	1
1022	4090101760	4090232831	0	4294967295	0	15	0	1
1023	570425344	587202559	872415232	905969663	0	8	7	1
1024	0	2147483647	2483027968	2550136831	5	1	6	1
1025	0	2147483647	2483027968	2550136831	1	1	6	1
1026	0	4294967295	2449473536	2483027967	3	0	7	1
1027	0	4294967295	2449473536	2483027967	8	0	7	1
1028	1073741824	2147483647	913309696	913833983	0	2	13	1
1029	4090232832	4090494975	0	4294967295	0	14	0	1
1030	4093640704	4160749567	0	4294967295	4	6	0	1
1031	4093640704	4160749567	0	4294967295	3	6	0	1
1032	4093640704	4160749567	0	4294967295	2	6	0	1
1033	4093640704	4160749567	0	4294967295	5	6	0	1
1034	4093640704	4160749567	0	4294967295	1	6	0	1
1035	587202560	591396863	536870912	805306367	0	10	4	1
1036	0	4294967295	2447638528	2447900671	0	0	14	1
1037	1073741824	2147483647	912261120	913309695	0	2	12	1
1038	1073741824	2147483647	536870912	805306367	2	2	4	1
1039	1073741824	2147483647	536870912	805306367	1	2	4	1
1040	1073741824	2147483647	536870912	805306367	4	2	4	1
1041	1073741824	2147483647	536870912	805306367	5	2	4	1
1042	1073741824	2147483647	536870912	805306367	3	2	4	1
1043	4160749568	4294967295	0	4294967295	4	5	0	1
1044	4160749568	4294967295	0	4294967295	5	5	0	1
1045	4160749568	4294967295	0	4294967295	2	5	0	1
1046	4160749568	4294967295	0	4294967295	1	5	0	1
1047	4160749568	4294967295	0	4294967295	3	5	0	1
1048	0	4294967295	2447900672	2448424959	0	0	13	1
1049	0	4294967295	2550136832	2684354559	4	0	5	1
1050	0	4294967295	2550136832	2684354559	2	0	5	1
1051	0	4294967295	2550136832	2684354559	3	0	5	1
1052	1073741824	2147483647	910163968	912261119	0	2	11	1
1053	4090494976	4091543551	0	4294967295	0	12	0	1
1054	4026531840	4060086271	3221225472	3355443199	0	7	5	1
1055	0	4294967295	2448424960	2449473535	0	0	12	1
1056	0	4294967295	2147483648	2415919103	3	0	4	1
1057	0	4294967295	2147483648	2415919103	2	0	4	1
1058	0	4294967295	2147483648	2415919103	4	0	4	1
1059	0	4294967295	2147483648	2415919103	5	0	4	1
1060	1073741824	2147483647	905969664	910163967	0	2	10	1
1061	1073741824	2147483647	2147483648	3221225471	1	2	2	1
1062	4091543552	4093640703	0	4294967295	0	11	0	1
1063	0	2147483647	2147483648	3221225471	1	1	2	1
1064	0	2147483647	2147483648	3221225471	3	1	2	1
1065	0	2147483647	2147483648	3221225471	5	1	2	1
1066	0	2147483647	2147483648	3221225471	2	1	2	1
1067	0	2147483647	2147483648	3221225471	4	1	2	1
1068	0	4294967295	2445279232	2447376383	0	0	11	1
1069	0	4294967295	2684354560	3221225471	2	0	3	1
1070	0	4294967295	2684354560	3221225471	1	0	3	1
1071	0	4294967295	2684354560	3221225471	4	0	3	1
1072	0	4294967295	2684354560	3221225471	3	0	3	1
1073	1073741824	2147483647	914358272	922746879	0	2	9	1
1074	0	4294967295	1073741824	2147483647	4	0	2	1
1075	0	4294967295	1073741824	2147483647	2	0	2	1
1076	0	4294967295	1073741824	2147483647	5	0	2	1
1077	0	4294967295	2147483648	3221225471	3	0	2	1
1078	0	4294967295	2147483648	3221225471	1	0	2	1
1079	0	4294967295	2147483648	3221225471	5	0	2	1
1080	0	4294967295	2147483648	3221225471	2	0	2	1
1081	0	4294967295	2147483648	3221225471	4	0	2	1
1082	0	4294967295	2441084928	2445279231	0	0	10	1
1083	1073741824	2147483647	922746880	939524095	0	2	8	1
1084	0	4294967295	2432696320	2441084927	0	0	9	1
1085	536870912	570425343	0	2147483647	0	7	1	1
1086	0	4294967295	2415919104	2432696319	0	0	8	1
1087	0	4294967295	0	4294967295	2	0	0	1
1088	0	4294967295	0	4294967295	4	0	0	1
1089	0	4294967295	0	4294967295	3	0	0	1
1090	0	4294967295	0	4294967295	1	0	0	1
1091	0	4294967295	0	4294967295	5	0	0	1
1092	1073741824	2147483647	805306368	872415231	0	2	6	1
1093	0	2147483647	2483027968	2550136831	0	1	6	1
1094	0	4294967295	2449473536	2483027967	0	0	7	1
1095	4093640704	4160749567	0	4294967295	0	6	0	1
1096	1073741824	2147483647	536870912	805306367	0	2	4	1
1097	4160749568	4294967295	0	4294967295	0	5	0	1
1098	0	4294967295	2550136832	2684354559	0	0	5	1
1099	0	4294967295	2147483648	2415919103	0	0	4	1
1100	1073741824	2147483647	2147483648	3221225471	0	2	2	1
1101	0	2147483647	2147483648	3221225471	0	1	2	1
1102	0	4294967295	2684354560	3221225471	0	0	3	1
1103	0	4294967295	1073741824	2147483647	0	0	2	1
1104	0	4294967295	2147483648	3221225471	0	0	2	1
1105	0	4294967295	0	4294967295	0	0	0	1
