Merged IP Table (238 entries):
Idx	SrcIP_lo	SrcIP_hi	DstIP_lo	DstIP_hi	Proto	SrcMask	DstMask	MergedCount
0	1190188680	1190188680	1692740684	1692740684	6	32	32	86
1	1190188680	1190188680	963761975	963761975	6	32	32	15
2	1190188680	1190188680	3101616676	3101616676	6	32	32	92
3	1190188672	1190188672	3101616676	3101616676	6	32	32	46
4	1190188719	1190188719	3101182891	3101182891	6	32	32	7
5	1190188719	1190188719	3101182848	3101182848	6	32	32	47
6	1190188719	1190188719	3101202471	3101202471	6	32	32	123
7	1190188719	1190188719	3277965392	3277965392	6	32	32	190
8	1190188719	1190188719	1692738523	1692738523	6	32	32	42
9	1190188719	1190188719	3277967472	3277967472	6	32	32	73
10	1190188745	1190188745	3278740875	3278740875	6	32	32	187
11	1190188740	1190188740	3278445294	3278445294	6	32	32	96
12	1190188766	1190188766	3279938331	3279938331	6	32	32	96
13	1190188781	1190188781	3283797658	3283797658	6	32	32	41
14	1190188797	1190188797	3283797658	3283797658	6	32	32	4
15	3277967254	3277967254	3283797658	3283797658	6	32	32	1
16	1190188688	1190188688	3279938331	3279938331	6	32	32	2
17	1190188680	1190188680	1692740684	1692740684	17	32	32	4
18	1190188680	1190188680	963761975	963761975	17	32	32	1
19	1190188680	1190188680	3101616676	3101616676	17	32	32	4
20	1190188672	1190188672	3101616676	3101616676	17	32	32	2
21	1190188719	1190188719	3101182848	3101182848	17	32	32	1
22	1190188719	1190188719	3101202471	3101202471	17	32	32	2
23	1190188719	1190188719	3277965392	3277965392	17	32	32	8
24	1190188719	1190188719	1692738523	1692738523	17	32	32	5
25	1190188745	1190188745	3278740875	3278740875	17	32	32	9
26	1190188740	1190188740	3278445294	3278445294	17	32	32	4
27	1190188766	1190188766	3279938331	3279938331	17	32	32	3
28	1190188759	1190188759	3279938322	3279938322	6	32	32	3
29	1190188781	1190188781	3283797658	3283797658	17	32	32	2
30	1190188688	1190188688	3306856712	3306856712	6	32	32	2
31	1190188688	1190188688	3306856711	3306856711	6	32	32	2
32	1190188688	1190188688	3101616678	3101616679	6	32	31	51
33	1190188719	1190188719	3101182888	3101182889	6	32	31	7
34	1190188716	1190188717	3277967472	3277967472	6	31	32	51
35	1190188746	1190188747	3278740875	3278740875	6	31	32	23
36	1190188742	1190188743	3278445294	3278445294	6	31	32	8
37	1190188764	1190188765	3279938331	3279938331	6	31	32	10
38	1190188674	1190188675	3101616676	3101616676	6	31	32	2
39	1190188756	1190188757	3279938322	3279938322	6	31	32	3
40	1190188782	1190188783	3283797658	3283797658	6	31	32	3
41	1190188798	1190188799	3283797658	3283797658	6	31	32	2
42	1190188688	1190188688	963761968	963761971	6	32	30	6
43	1190188688	1190188688	3101616672	3101616675	6	32	30	59
44	1190188719	1190188719	3101182892	3101182895	6	32	30	12
45	1190188688	1190188688	3101616678	3101616679	17	32	31	2
46	1190188688	1190188688	3101616672	3101616675	17	32	30	1
47	1190188719	1190188719	3277967472	3277967472	17	32	32	2
48	1190188688	1190188688	3101616688	3101616703	6	32	28	2
49	1190188544	1190189055	3283797658	3283797658	6	23	32	98
50	1190188680	1190188680	3101617152	3101618175	6	32	22	88
51	3277967172	3277967172	3277965312	3277966335	6	32	22	1
52	1190188544	1190189055	3283797658	3283797658	17	23	32	5
53	1190188680	1190188680	3101617152	3101618175	17	32	22	5
54	3277967160	3277967160	3277965312	3277966335	6	32	22	1
55	1190188688	1190188688	3569721344	3569722367	6	32	22	1
56	1190188676	1190188679	3101617152	3101618175	6	30	22	19
57	1190188703	1190188703	3277961853	3277961853	6	32	32	1
58	1190188688	1190188688	3277961853	3277961853	6	32	32	1
59	1190188680	1190188680	1692740684	1692740684	1	32	32	1
60	1190188680	1190188680	3101616676	3101616676	1	32	32	1
61	1190188672	1190188672	3101616676	3101616676	1	32	32	1
62	1190188719	1190188719	3101182848	3101182848	1	32	32	1
63	1190188719	1190188719	3101202471	3101202471	1	32	32	1
64	1190188719	1190188719	3277965392	3277965392	1	32	32	1
65	1190188719	1190188719	3277967472	3277967472	1	32	32	1
66	1190188745	1190188745	3278740875	3278740875	1	32	32	1
67	1190188740	1190188740	3278445294	3278445294	1	32	32	1
68	1190188766	1190188766	3279938331	3279938331	1	32	32	1
69	1190188719	1190188719	3277961652	3277961652	6	32	32	1
70	1190188719	1190188719	3277961652	3277961652	1	32	32	1
71	1190188703	1190188703	3277961652	3277961652	1	32	32	1
72	1190188688	1190188688	3278445294	3278445294	6	32	32	1
73	1190188688	1190188688	3278445294	3278445294	1	32	32	1
74	1190188688	1190188688	3279938322	3279938322	6	32	32	1
75	1190188688	1190188688	3279262261	3279262261	6	32	32	1
76	1190188688	1190188688	3283797658	3283797658	6	32	32	1
77	1190188700	1190188701	3277961853	3277961853	6	31	32	1
78	1190188690	1190188691	3277961853	3277961853	6	31	32	1
79	1190188688	1190188688	3101616678	3101616679	1	32	31	1
80	1190188719	1190188719	3101182888	3101182889	1	32	31	1
81	1190188712	1190188715	3277965392	3277965392	6	30	32	3
82	1190188712	1190188715	3277967472	3277967472	6	30	32	3
83	1190188748	1190188751	3277961853	3277961853	6	30	32	3
84	1190188748	1190188751	3278740875	3278740875	6	30	32	3
85	1190188760	1190188763	3279938331	3279938331	6	30	32	3
86	1190188752	1190188755	3279938322	3279938322	6	30	32	2
87	1190188776	1190188779	3283797658	3283797658	6	30	32	2
88	1190188696	1190188699	3277961853	3277961853	6	30	32	1
89	1190188692	1190188695	3277961853	3277961853	6	30	32	1
90	1190188716	1190188717	3277967472	3277967472	1	31	32	1
91	1190188746	1190188747	3278740875	3278740875	1	31	32	1
92	1190188798	1190188799	3283797658	3283797658	1	31	32	1
93	1190188712	1190188715	3277965392	3277965392	1	30	32	1
94	1190188712	1190188715	3277967472	3277967472	1	30	32	1
95	1190188736	1190188739	3278445294	3278445294	1	30	32	1
96	1190188736	1190188739	3278445294	3278445294	6	30	32	1
97	1190188752	1190188755	3279938322	3279938322	1	30	32	1
98	1190188776	1190188779	3283797658	3283797658	1	30	32	1
99	1190188792	1190188795	3283797658	3283797658	1	30	32	1
100	1190188792	1190188795	3283797658	3283797658	6	30	32	1
101	3277967281	3277967281	3101616704	3101616767	6	32	26	1
102	3277967257	3277967257	3101616704	3101616767	6	32	26	1
103	3277967246	3277967246	3101616704	3101616767	6	32	26	1
104	3277967243	3277967243	3101616704	3101616767	6	32	26	1
105	3277967233	3277967233	3101616704	3101616767	6	32	26	1
106	3277967228	3277967228	3101616704	3101616767	6	32	26	1
107	3277967223	3277967223	3101616704	3101616767	6	32	26	1
108	3277967219	3277967219	3101616704	3101616767	6	32	26	1
109	3277967209	3277967209	3101616704	3101616767	6	32	26	1
110	3277967153	3277967153	3101616704	3101616767	6	32	26	1
111	3277967147	3277967147	3101616704	3101616767	6	32	26	1
112	3277967145	3277967145	3101616704	3101616767	6	32	26	1
113	3277967140	3277967140	3101616704	3101616767	6	32	26	1
114	3277967131	3277967131	3101616704	3101616767	6	32	26	1
115	3277967115	3277967115	3101616704	3101616767	6	32	26	1
116	3277967106	3277967106	3101616704	3101616767	6	32	26	1
117	1190188790	1190188790	3101616704	3101616767	6	32	26	1
118	1190188680	1190188680	3101616896	3101617151	6	32	24	3
119	1190188719	1190188719	3101182464	3101182719	6	32	24	3
120	3277967288	3277967289	3101616704	3101616767	6	31	26	1
121	3277967230	3277967231	3101616704	3101616767	6	31	26	1
122	3277967174	3277967175	3101616704	3101616767	6	31	26	1
123	1190188688	1190188688	3101616768	3101616895	6	32	25	1
124	1190188682	1190188683	3101616896	3101617151	6	31	24	3
125	1190188680	1190188680	3101616896	3101617151	1	32	24	1
126	1190188719	1190188719	3101182464	3101182719	1	32	24	1
127	1190188680	1190188680	1692740684	1692740684	0	32	32	1
128	1190188680	1190188680	963761975	963761975	0	32	32	1
129	1190188680	1190188680	3101616676	3101616676	0	32	32	1
130	1190188672	1190188672	3101616676	3101616676	0	32	32	1
131	1190188719	1190188719	3101182848	3101182848	0	32	32	1
132	1190188719	1190188719	3101202471	3101202471	0	32	32	1
133	1190188719	1190188719	3277965392	3277965392	0	32	32	1
134	1190188719	1190188719	1692738523	1692738523	0	32	32	1
135	1190188719	1190188719	3277967472	3277967472	0	32	32	1
136	1190188745	1190188745	3278740875	3278740875	0	32	32	1
137	1190188740	1190188740	3278445294	3278445294	0	32	32	1
138	1190188766	1190188766	3279938331	3279938331	0	32	32	1
139	1190188781	1190188781	3283797658	3283797658	0	32	32	1
140	1190188703	1190188703	3277961853	3277961853	0	32	32	1
141	1190188688	1190188688	3279938322	3279938322	0	32	32	1
142	3277967212	3277967215	3101616704	3101616767	6	30	26	1
143	3277967168	3277967171	3101616704	3101616767	6	30	26	1
144	3277967132	3277967135	3101616704	3101616767	6	30	26	1
145	1190188682	1190188683	3101616896	3101617151	1	31	24	1
146	1190188674	1190188675	3101616676	3101616676	0	31	32	1
147	1190188716	1190188717	3277967472	3277967472	0	31	32	1
148	1190188746	1190188747	3278740875	3278740875	0	31	32	1
149	1190188764	1190188765	3279938331	3279938331	0	31	32	1
150	1190188798	1190188799	3283797658	3283797658	0	31	32	1
151	1190188688	1190188688	3101616678	3101616679	0	32	31	1
152	1190188544	1190189055	3283797658	3283797658	1	23	32	1
153	1190188680	1190188680	3101617152	3101618175	1	32	22	1
154	1190188712	1190188715	3277965392	3277965392	0	30	32	1
155	1190188712	1190188715	3277967472	3277967472	0	30	32	1
156	1190188748	1190188751	3277961853	3277961853	0	30	32	1
157	1190188748	1190188751	3278740875	3278740875	0	30	32	1
158	1190188736	1190188739	3278445294	3278445294	0	30	32	1
159	1190188760	1190188763	3279938331	3279938331	0	30	32	1
160	1190188752	1190188755	3279938322	3279938322	0	30	32	1
161	1190188776	1190188779	3283797658	3283797658	0	30	32	1
162	1190188792	1190188795	3283797658	3283797658	0	30	32	1
163	1190188676	1190188679	3101617152	3101618175	1	30	22	1
164	3277967290	3277967290	3101616704	3101616767	0	32	26	1
165	1190188719	1190188719	3101229056	3101294591	6	32	16	2
166	1190188680	1190188680	3101616896	3101617151	0	32	24	1
167	1190188719	1190188719	3101182464	3101182719	0	32	24	1
168	1190188688	1190188688	3101622272	3101687807	6	32	16	1
169	1190188682	1190188683	3101616896	3101617151	0	31	24	1
170	1190188544	1190189055	3283797658	3283797658	0	23	32	1
171	1190188790	1190188790	3101425664	3101556735	1	32	15	1
172	1190188719	1190188719	3101425664	3101556735	1	32	15	1
173	1190188719	1190188719	3101294592	3101425663	6	32	15	1
174	1190188719	1190188719	3101294592	3101425663	1	32	15	1
175	1190188682	1190188683	3101622272	3101687807	6	31	16	1
176	1190188680	1190188680	3101617152	3101618175	0	32	22	1
177	3277967202	3277967202	3277965312	3277966335	0	32	22	1
178	1190188788	1190188789	3101425664	3101556735	1	31	15	1
179	1190188684	1190188687	3101622272	3101687807	6	30	16	1
180	1190188784	1190188787	3101425664	3101556735	1	30	15	1
181	1190188676	1190188679	3101617152	3101618175	0	30	22	1
182	1190188719	1190188719	3120562176	3154116607	6	32	7	1
183	3277966848	3277967359	3101622272	3101687807	6	23	16	1
184	1190188790	1190188790	3101425664	3101556735	0	32	15	1
185	1190188719	1190188719	3154116608	3221225471	1	32	6	1
186	1190188719	1190188719	2952790016	3087007743	6	32	5	1
187	1190188719	1190188719	2684354560	2952790015	6	32	4	1
188	1190188719	1190188719	2147483648	2684354559	6	32	3	1
189	1190188719	1190188719	2147483648	3221225471	1	32	2	1
190	1190188719	1190188719	2147483648	3221225471	6	32	2	1
191	1190188544	1190189055	3254779904	3271557119	6	23	8	3
192	1190188544	1190189055	3221225472	3254779903	6	23	7	2
193	1190188544	1190189055	3254779904	3271557119	1	23	8	1
194	1190188719	1190188719	3120562176	3154116607	0	32	7	1
195	1190188544	1190189055	3221225472	3254779903	1	23	7	1
196	1190188719	1190188719	3154116608	3221225471	0	32	6	1
197	1190188544	1190189055	805306368	939524095	6	23	5	2
198	1190188544	1190189055	1744830464	1879048191	6	23	5	2
199	1190188544	1190189055	3355443200	3489660927	6	23	5	3
200	1190188544	1190189055	3288334336	3355443199	1	23	6	1
201	1190188544	1190189055	3288334336	3355443199	6	23	6	1
202	1190188719	1190188719	2952790016	3087007743	0	32	5	1
203	1190188544	1190189055	536870912	805306367	6	23	4	2
204	1190188544	1190189055	3489660928	3758096383	6	23	4	2
205	1190188544	1190189055	805306368	939524095	1	23	5	1
206	1190188544	1190189055	1744830464	1879048191	1	23	5	1
207	1190188544	1190189055	3355443200	3489660927	1	23	5	1
208	1190188719	1190188719	2684354560	2952790015	0	32	4	1
209	1190188544	1190189055	536870912	805306367	1	23	4	1
210	1190188544	1190189055	3489660928	3758096383	1	23	4	1
211	1190188544	1190189055	3758096384	4294967295	6	23	3	2
212	1190188719	1190188719	2147483648	2684354559	0	32	3	1
213	1190188544	1190189055	0	536870911	6	23	3	1
214	1190188544	1190189055	3758096384	4294967295	1	23	3	1
215	1190188544	1190189055	0	2147483647	6	23	1	2
216	1190188544	1190189055	0	1073741823	6	23	2	1
217	1190188544	1190189055	2147483648	4294967295	1	23	1	1
218	1190188544	1190189055	2147483648	4294967295	6	23	1	1
219	1190188544	1190189055	3254779904	3271557119	0	23	8	1
220	1190188544	1190189055	3221225472	3254779903	0	23	7	1
221	1190188544	1190189055	3288334336	3355443199	0	23	6	1
222	1190188544	1190189055	1744830464	1879048191	0	23	5	1
223	1190188544	1190189055	3355443200	3489660927	0	23	5	1
224	1190188544	1190189055	536870912	805306367	0	23	4	1
225	1190188544	1190189055	3489660928	3758096383	0	23	4	1
226	1190188544	1190189055	0	536870911	0	23	3	1
227	1190188544	1190189055	3758096384	4294967295	0	23	3	1
228	1190188544	1190189055	0	1073741823	0	23	2	1
229	1190188544	1190189055	2147483648	4294967295	0	23	1	1
230	0	4294967295	3254779904	3271557119	6	0	8	2
231	1174405120	1191182335	0	4294967295	6	8	0	1
232	1174405120	1191182335	0	4294967295	1	8	0	1
233	0	4294967295	3254779904	3271557119	1	0	8	1
234	0	4294967295	0	4294967295	6	0	0	3
235	1174405120	1191182335	0	4294967295	0	8	0	1
236	0	4294967295	3254779904	3271557119	0	0	8	1
237	0	4294967295	0	4294967295	0	0	0	1
