Merged IP Table (1306 entries):
Idx	SrcIP_lo	SrcIP_hi	DstIP_lo	DstIP_hi	Proto	SrcMask	DstMask	MergedCount
0	3096282740	3096282740	503851384	503851391	6	32	29	49
1	3096282744	3096282751	503851381	503851381	6	29	32	68
2	1560368714	1560368714	3649096512	3649096543	6	32	27	50
3	3096282741	3096282741	503851381	503851381	6	32	32	150
4	3493085510	3493085510	1366454592	1366454655	6	32	26	52
5	333171009	333171009	2896046784	2896046847	6	32	26	12
6	3493085536	3493085567	2896046742	2896046742	6	27	32	37
7	3493085536	3493085567	1366454528	1366454528	6	27	32	30
8	1560368714	1560368714	3649096512	3649096543	17	32	27	5
9	1560368714	1560368714	3649096548	3649096548	6	32	32	222
10	333171009	333171009	2896046743	2896046743	6	32	32	19
11	3096282740	3096282740	503851382	503851383	6	32	31	133
12	3096282741	3096282741	503851381	503851381	17	32	32	10
13	3096282742	3096282743	503851381	503851381	6	31	32	246
14	333171010	333171011	2896046742	2896046742	6	31	32	55
15	3493085536	3493085567	2896046742	2896046742	17	27	32	2
16	1560368714	1560368714	3649096548	3649096548	17	32	32	28
17	1560368715	1560368715	3649096548	3649096548	6	32	32	189
18	333171040	333171071	503851381	503851381	6	27	32	89
19	3096282740	3096282740	503851382	503851383	17	32	31	11
20	3096282742	3096282743	503851381	503851381	17	31	32	33
21	333171010	333171011	2896046742	2896046742	17	31	32	5
22	3493085440	3493085503	2896046742	2896046742	6	26	32	7
23	1560368768	1560368895	3649096549	3649096549	6	25	32	73
24	1560368716	1560368719	3649096549	3649096549	6	30	32	238
25	1560368715	1560368715	3649096548	3649096548	17	32	32	11
26	333171040	333171071	503851381	503851381	17	27	32	4
27	3096282736	3096282739	503851380	503851380	6	30	32	250
28	1560368712	1560368713	3649096550	3649096551	6	31	31	269
29	1560368716	1560368719	3649096549	3649096549	17	30	32	25
30	1560368715	1560368715	3649096544	3649096547	6	32	30	230
31	3096282736	3096282739	503851382	503851383	6	30	31	225
32	3096282736	3096282739	503851380	503851380	17	30	32	30
33	3096282741	3096282741	503851384	503851391	6	32	29	129
34	3096282742	3096282743	503851376	503851379	6	31	30	208
35	1560368712	1560368713	3649096544	3649096547	6	31	30	109
36	3096282720	3096282735	3649096549	3649096549	6	28	32	167
37	1560368720	1560368735	3649096549	3649096549	6	28	32	35
38	1560368712	1560368713	3649096550	3649096551	17	31	31	32
39	1560368715	1560368715	3649096544	3649096547	17	32	30	22
40	3096282740	3096282740	503851328	503851359	6	32	27	168
41	3096282740	3096282740	2896046752	2896046783	6	32	27	171
42	3096282736	3096282739	503851382	503851383	17	30	31	22
43	3096282741	3096282741	503851360	503851375	6	32	28	179
44	3096282741	3096282741	503851384	503851391	17	32	29	2
45	3096282742	3096282743	503851376	503851379	17	31	30	21
46	1560368712	1560368713	3649096544	3649096547	17	31	30	3
47	3096282720	3096282735	3649096549	3649096549	17	28	32	5
48	3493085504	3493085507	2896046736	2896046739	6	30	30	129
49	1560368716	1560368719	3649096544	3649096547	6	30	30	203
50	1560368704	1560368711	1366454530	1366454531	6	29	31	60
51	333171024	333171039	2896046743	2896046743	6	28	32	113
52	3096282740	3096282740	503851328	503851359	17	32	27	8
53	3096282740	3096282740	2896046752	2896046783	17	32	27	9
54	3096282741	3096282741	503851360	503851375	17	32	28	9
55	3493085504	3493085507	2896046736	2896046739	17	30	30	5
56	1560368716	1560368719	3649096544	3649096547	17	30	30	14
57	3493085508	3493085509	1366454544	1366454559	6	31	28	175
58	1560368704	1560368711	1366454530	1366454531	17	29	31	3
59	333171024	333171039	2896046743	2896046743	17	28	32	6
60	333171024	333171039	2896046740	2896046741	6	28	31	130
61	3096282744	3096282751	2896046744	2896046751	6	29	29	170
62	333171016	333171023	2896046744	2896046751	6	29	29	137
63	3096282742	3096282743	503851328	503851359	6	31	27	31
64	3096282720	3096282735	503851376	503851379	6	28	30	219
65	3493089280	3493093375	2896046742	2896046742	6	20	32	3
66	3493087232	3493089279	2896046742	2896046742	6	21	32	7
67	3493085508	3493085509	1366454544	1366454559	17	31	28	11
68	333171024	333171039	2896046740	2896046741	17	28	31	6
69	3096282744	3096282751	2896046744	2896046751	17	29	29	10
70	333171016	333171023	2896046744	2896046751	17	29	29	7
71	3096282742	3096282743	503851264	503851327	6	31	26	107
72	1560368712	1560368713	503851264	503851327	6	31	26	127
73	3096282720	3096282735	503851376	503851379	17	28	30	25
74	3493085504	3493085507	1366454560	1366454591	6	30	27	91
75	3493085512	3493085519	1366454544	1366454559	6	29	28	20
76	1560368704	1560368711	503851360	503851375	6	29	28	167
77	1560368720	1560368735	3649096552	3649096559	6	28	29	218
78	333171072	333171199	1366454529	1366454529	6	25	32	48
79	3096282688	3096282719	503851384	503851391	6	27	29	174
80	3493085536	3493085567	2896046744	2896046751	6	27	29	121
81	3096282742	3096282743	503851264	503851327	17	31	26	4
82	1560368712	1560368713	503851264	503851327	17	31	26	9
83	3493085440	3493085503	1366454532	1366454535	6	26	30	116
84	3493085504	3493085507	1366454560	1366454591	17	30	27	2
85	3493085520	3493085535	2896046720	2896046735	6	28	28	157
86	3493085512	3493085519	2896046752	2896046783	6	29	27	72
87	1560368704	1560368711	3649096512	3649096543	6	29	27	184
88	1560368704	1560368711	503851360	503851375	17	29	28	8
89	1560368768	1560368895	503851382	503851383	6	25	31	77
90	333171072	333171199	503851382	503851383	6	25	31	81
91	1560368716	1560368719	3649096448	3649096511	6	30	26	114
92	1560368720	1560368735	3649096552	3649096559	17	28	29	29
93	1560368128	1560368639	503851381	503851381	6	23	32	33
94	3096282624	3096282687	503851384	503851391	6	26	29	120
95	3493085440	3493085503	1366454536	1366454543	6	26	29	95
96	333170944	333171007	2896046744	2896046751	6	26	29	62
97	3096282688	3096282719	503851384	503851391	17	27	29	9
98	3493085536	3493085567	2896046744	2896046751	17	27	29	5
99	3493101568	3493134335	2896046742	2896046742	6	17	32	3
100	3493085440	3493085503	1366454532	1366454535	17	26	30	9
101	3493085536	3493085567	2896046720	2896046735	6	27	28	77
102	1560368736	1560368767	3649096560	3649096575	6	27	28	180
103	3493085520	3493085535	2896046720	2896046735	17	28	28	10
104	3493085512	3493085519	2896046752	2896046783	17	29	27	4
105	1560368704	1560368711	3649096512	3649096543	17	29	27	13
106	3493085512	3493085519	1366454592	1366454655	6	29	26	103
107	1560368768	1560368895	503851382	503851383	17	25	31	2
108	333171072	333171199	503851382	503851383	17	25	31	3
109	1560368716	1560368719	3649096448	3649096511	17	30	26	6
110	1560368128	1560368639	503851380	503851380	6	23	32	110
111	333170688	333170943	2896046740	2896046741	6	24	31	65
112	333171712	333172735	2896046742	2896046742	6	22	32	20
113	3096282624	3096282687	503851384	503851391	17	26	29	7
114	3493085440	3493085503	1366454536	1366454543	17	26	29	5
115	3096282752	3096282879	2896046744	2896046751	6	25	29	81
116	333171072	333171199	1366454536	1366454543	6	25	29	92
117	3096282742	3096282743	503851520	503852031	6	31	23	62
118	3493085504	3493085507	1366454272	1366454527	6	30	24	111
119	333171012	333171015	503851008	503851263	6	30	24	47
120	3493085536	3493085567	2896046720	2896046735	17	27	28	2
121	1560368736	1560368767	3649096560	3649096575	17	27	28	14
122	3493085512	3493085519	1366454656	1366454783	6	29	25	133
123	1560368704	1560368711	503851392	503851519	6	29	25	81
124	3493085512	3493085519	1366454592	1366454655	17	29	26	4
125	3493085511	3493085511	1366455296	1366456319	6	32	22	34
126	1560368128	1560368639	503851380	503851380	17	23	32	5
127	333170688	333170943	2896046740	2896046741	17	24	31	3
128	3096281088	3096282111	503851382	503851383	6	22	31	88
129	3096282752	3096282879	2896046744	2896046751	17	25	29	3
130	333171072	333171199	1366454536	1366454543	17	25	29	4
131	3096282742	3096282743	503851520	503852031	17	31	23	3
132	3493089280	3493093375	1366454528	1366454528	6	20	32	14
133	3493085696	3493086207	2896046736	2896046739	6	23	30	55
134	3493085504	3493085507	1366454272	1366454527	17	30	24	2
135	3493085510	3493085510	1366450176	1366454271	6	32	20	44
136	1560368714	1560368714	3649097728	3649101823	6	32	20	64
137	3493085512	3493085519	1366454656	1366454783	17	29	25	7
138	1560368704	1560368711	503851392	503851519	17	29	25	3
139	3493085511	3493085511	1366455296	1366456319	17	32	22	1
140	3493085511	3493085511	1366456320	1366458367	6	32	21	55
141	333171008	333171008	2896044032	2896046079	6	32	21	15
142	1560368768	1560368895	3649096560	3649096575	6	25	28	94
143	333171040	333171071	2896046784	2896046847	6	27	26	163
144	3096281088	3096282111	503851382	503851383	17	22	31	2
145	3096282744	3096282751	503851520	503852031	6	29	23	70
146	3096282744	3096282751	3649095680	3649096191	6	29	23	104
147	3493085512	3493085519	1366454784	1366455295	6	29	23	106
148	3096282741	3096282741	503853056	503857151	6	32	20	58
149	3493085696	3493086207	2896046736	2896046739	17	23	30	2
150	3493086208	3493087231	2896046736	2896046739	6	22	30	37
151	3493085184	3493085439	1366454544	1366454559	6	24	28	164
152	1560368714	1560368714	3649097728	3649101823	17	32	20	3
153	3493085520	3493085535	2896046848	2896047103	6	28	24	93
154	333171024	333171039	2896046848	2896047103	6	28	24	35
155	3493085511	3493085511	1366456320	1366458367	17	32	21	3
156	1560368768	1560368895	3649096560	3649096575	17	25	28	1
157	333171040	333171071	2896046592	2896046719	6	27	25	80
158	333171040	333171071	2896046784	2896046847	17	27	26	6
159	3096282740	3096282740	503851384	503851391	1	32	29	1
160	3096281088	3096282111	503851384	503851391	6	22	29	37
161	333171712	333172735	2896046744	2896046751	6	22	29	63
162	3096283136	3096285183	2896046736	2896046739	6	21	30	79
163	3493087232	3493089279	2896046736	2896046739	6	21	30	74
164	3096282880	3096283135	2896046752	2896046783	6	24	27	109
165	1560368896	1560369151	1366454560	1366454591	6	24	27	112
166	333170688	333170943	1366454560	1366454591	6	24	27	122
167	3096282688	3096282719	503851008	503851263	6	27	24	98
168	3493085536	3493085567	2896046848	2896047103	6	27	24	27
169	1560368736	1560368767	3649096192	3649096447	6	27	24	34
170	3096282744	3096282751	503852032	503853055	6	29	22	69
171	3493085512	3493085519	1366455296	1366456319	6	29	22	40
172	1560368704	1560368711	3649096704	3649097727	6	29	22	34
173	3096282744	3096282751	503851520	503852031	17	29	23	3
174	3096282744	3096282751	3649095680	3649096191	17	29	23	10
175	3493085512	3493085519	1366454784	1366455295	17	29	23	8
176	3096282741	3096282741	503853056	503857151	17	32	20	1
177	3493089280	3493093375	1366454530	1366454531	6	20	31	57
178	3493085184	3493085439	1366454544	1366454559	17	24	28	13
179	3493085520	3493085535	2896046848	2896047103	17	28	24	8
180	333171024	333171039	2896046848	2896047103	17	28	24	1
181	1560368640	1560368703	503851392	503851519	6	26	25	104
182	333171072	333171199	1366454592	1366454655	6	25	26	89
183	333171712	333172735	2896046744	2896046751	17	22	29	2
184	3096283136	3096285183	2896046736	2896046739	17	21	30	3
185	3493087232	3493089279	2896046736	2896046739	17	21	30	6
186	3096282112	3096282623	503851328	503851359	6	23	27	110
187	3096282880	3096283135	2896046752	2896046783	17	24	27	6
188	1560368896	1560369151	1366454560	1366454591	17	24	27	4
189	333170688	333170943	1366454560	1366454591	17	24	27	8
190	3096282688	3096282719	503851008	503851263	17	27	24	6
191	3493085536	3493085567	2896046848	2896047103	17	27	24	2
192	3096282744	3096282751	503852032	503853055	17	29	22	4
193	3493085512	3493085519	1366455296	1366456319	17	29	22	1
194	1560368704	1560368711	3649096704	3649097727	17	29	22	1
195	3096282744	3096282751	2896044032	2896046079	6	29	21	35
196	3493085512	3493085519	2896044032	2896046079	6	29	21	15
197	3493085512	3493085519	3649093632	3649095679	6	29	21	41
198	3096282752	3096282879	3649096576	3649096703	6	25	25	77
199	3493085568	3493085695	3649096576	3649096703	6	25	25	102
200	3493089280	3493093375	2896046736	2896046739	6	20	30	17
201	3493089280	3493093375	1366454530	1366454531	17	20	31	1
202	3493085520	3493085535	1366455296	1366456319	6	28	22	76
203	1560368640	1560368703	3649096192	3649096447	6	26	24	130
204	1560368640	1560368703	503851392	503851519	17	26	25	6
205	333171072	333171199	1366454592	1366454655	17	25	26	4
206	3096282112	3096282623	503851328	503851359	17	23	27	6
207	3096282744	3096282751	503851381	503851381	1	29	32	1
208	3096282752	3096282879	3649096576	3649096703	17	25	25	3
209	3493085568	3493085695	3649096576	3649096703	17	25	25	3
210	3096282742	3096282743	3649101824	3649110015	6	31	19	10
211	3493089280	3493093375	2896046736	2896046739	17	20	30	1
212	3493085536	3493085567	2896047104	2896048127	6	27	22	72
213	3493085536	3493085567	3649096704	3649097727	6	27	22	62
214	3493085520	3493085535	1366455296	1366456319	17	28	22	1
215	1560368714	1560368714	3649096512	3649096543	1	32	27	1
216	1560368640	1560368703	3649096192	3649096447	17	26	24	7
217	1560363008	1560367103	503851384	503851391	6	20	29	32
218	333168640	333170687	2896046720	2896046735	6	21	28	74
219	333170944	333171007	2896046080	2896046591	6	26	23	130
220	3096282741	3096282741	503851381	503851381	1	32	32	1
221	3493085510	3493085510	1366454592	1366454655	1	32	26	1
222	333171009	333171009	2896046784	2896046847	1	32	26	1
223	3493085440	3493085503	3649096704	3649097727	6	26	22	26
224	3493085536	3493085567	2896046742	2896046742	1	27	32	1
225	3493085536	3493085567	1366454528	1366454528	1	27	32	1
226	3493085536	3493085567	2896047104	2896048127	17	27	22	1
227	3493085536	3493085567	3649096704	3649097727	17	27	22	2
228	1560368714	1560368714	3649096548	3649096548	1	32	32	1
229	1560367104	1560368127	3649096448	3649096511	6	22	26	96
230	1560368128	1560368639	503851392	503851519	6	23	25	20
231	333171200	333171711	2896046592	2896046719	6	23	25	95
232	333168640	333170687	2896046720	2896046735	17	21	28	2
233	333170944	333171007	2896046080	2896046591	17	26	23	7
234	3096282624	3096282687	503848960	503851007	6	26	21	89
235	3493085440	3493085503	1366456320	1366458367	6	26	21	53
236	3096282740	3096282740	503851382	503851383	1	32	31	1
237	3096282742	3096282743	503851381	503851381	1	31	32	1
238	333171010	333171011	2896046742	2896046742	1	31	32	1
239	3493086208	3493087231	3649096576	3649096703	6	22	25	17
240	3493085568	3493085695	3649096704	3649097727	6	25	22	8
241	333171072	333171199	2896047104	2896048127	6	25	22	20
242	3493085440	3493085503	2896046742	2896046742	1	26	32	1
243	3493085536	3493085567	2896048128	2896052223	6	27	20	27
244	3493085520	3493085535	1366441984	1366450175	6	28	19	68
245	1560346624	1560363007	3649096552	3649096559	6	18	29	50
246	1560368896	1560369151	503851520	503852031	6	24	23	30
247	1560367104	1560368127	3649096448	3649096511	17	22	26	6
248	1560368715	1560368715	3649096548	3649096548	1	32	32	1
249	1560368128	1560368639	503851392	503851519	17	23	25	1
250	333171200	333171711	2896046592	2896046719	17	23	25	3
251	333171040	333171071	503851381	503851381	1	27	32	1
252	3096297472	3096313855	2896046720	2896046735	6	18	28	10
253	3096289280	3096297471	2896046752	2896046783	6	19	27	12
254	3096285184	3096289279	2896046752	2896046783	6	20	27	6
255	3096282624	3096282687	503848960	503851007	17	26	21	5
256	3493085440	3493085503	1366456320	1366458367	17	26	21	1
257	3493134336	3493199871	1366454532	1366454535	6	16	30	10
258	3493087232	3493089279	3649096576	3649096703	6	21	25	11
259	3493086208	3493087231	3649096576	3649096703	17	22	25	1
260	3493085520	3493085535	1366441984	1366450175	17	28	19	6
261	1560346624	1560363007	3649096552	3649096559	17	18	29	1
262	1560368768	1560368895	3649096549	3649096549	1	25	32	1
263	1560368716	1560368719	3649096549	3649096549	1	30	32	1
264	3096248320	3096281087	503851360	503851375	6	17	28	14
265	3096282736	3096282739	503851380	503851380	1	30	32	1
266	1560368712	1560368713	3649096550	3649096551	1	31	31	1
267	1560368715	1560368715	3649096544	3649096547	1	32	30	1
268	333171040	333171071	2896046592	2896046719	17	27	25	1
269	3096289280	3096297471	3649096576	3649096703	6	19	25	3
270	3096282736	3096282739	503851382	503851383	1	30	31	1
271	3096282741	3096282741	503851384	503851391	1	32	29	1
272	3096282742	3096282743	503851376	503851379	1	31	30	1
273	1560368712	1560368713	3649096544	3649096547	1	31	30	1
274	3096282720	3096282735	3649096549	3649096549	1	28	32	1
275	3493089280	3493093375	3649096576	3649096703	6	20	25	4
276	3096282740	3096282740	503851384	503851391	0	32	29	1
277	3096282740	3096282740	503851328	503851359	1	32	27	1
278	3096282740	3096282740	2896046752	2896046783	1	32	27	1
279	3096282741	3096282741	503851360	503851375	1	32	28	1
280	3493093376	3493101567	3649096576	3649096703	6	19	25	3
281	3493086208	3493087231	3649096704	3649097727	6	22	22	4
282	3493085504	3493085507	2896046736	2896046739	1	30	30	1
283	1560368716	1560368719	3649096544	3649096547	1	30	30	1
284	1560368896	1560369151	503853056	503857151	6	24	20	6
285	1560368704	1560368711	1366454530	1366454531	1	29	31	1
286	332922880	333053951	2896046720	2896046735	6	15	28	4
287	333171200	333171711	2896044032	2896046079	6	23	21	4
288	333171024	333171039	2896046743	2896046743	1	28	32	1
289	3095920640	3096182783	2896046744	2896046751	6	14	29	2
290	3096182784	3096248319	503851264	503851327	6	16	26	5
291	3096282880	3096283135	503840768	503848959	6	24	19	4
292	3493085696	3493086207	1366450176	1366454271	6	23	20	4
293	333171200	333171711	2896048128	2896052223	6	23	20	4
294	3493085508	3493085509	1366454544	1366454559	1	31	28	1
295	333119488	333152255	2896046592	2896046719	6	17	25	5
296	333172736	333176831	2896047104	2896048127	6	20	22	5
297	333171024	333171039	2896046740	2896046741	1	28	31	1
298	3096297472	3096313855	2896046848	2896047103	6	18	24	4
299	3096282880	3096283135	503857152	503873535	6	24	18	6
300	3096282744	3096282751	2896046744	2896046751	1	29	29	1
301	333171016	333171023	2896046744	2896046751	1	29	29	1
302	3096282744	3096282751	503851381	503851381	0	29	32	1
303	3096282742	3096282743	503851328	503851359	1	31	27	1
304	3096282720	3096282735	503851376	503851379	1	28	30	1
305	1560368714	1560368714	3649096512	3649096543	0	32	27	1
306	3096282741	3096282741	503851381	503851381	0	32	32	1
307	3096282742	3096282743	503851264	503851327	1	31	26	1
308	1560368712	1560368713	503851264	503851327	1	31	26	1
309	3493093376	3493101567	2896046742	2896046742	6	19	32	1
310	3493085510	3493085510	1366454592	1366454655	0	32	26	1
311	333171009	333171009	2896046784	2896046847	0	32	26	1
312	3493085504	3493085507	1366454560	1366454591	1	30	27	1
313	3493085536	3493085567	2896046742	2896046742	0	27	32	1
314	3493085536	3493085567	1366454528	1366454528	0	27	32	1
315	3493085512	3493085519	1366454544	1366454559	1	29	28	1
316	1560368704	1560368711	503851360	503851375	1	29	28	1
317	1560368714	1560368714	3649096548	3649096548	0	32	32	1
318	333171009	333171009	2896046743	2896046743	0	32	32	1
319	1560368720	1560368735	3649096552	3649096559	1	28	29	1
320	333171072	333171199	1366454529	1366454529	1	25	32	1
321	3096282740	3096282740	503851382	503851383	0	32	31	1
322	3096282688	3096282719	503851384	503851391	1	27	29	1
323	3493085536	3493085567	2896046744	2896046751	1	27	29	1
324	3096282742	3096282743	503851381	503851381	0	31	32	1
325	333171010	333171011	2896046742	2896046742	0	31	32	1
326	3493085440	3493085503	2896046742	2896046742	0	26	32	1
327	3493085440	3493085503	1366454532	1366454535	1	26	30	1
328	3493085520	3493085535	2896046720	2896046735	1	28	28	1
329	3493085512	3493085519	2896046752	2896046783	1	29	27	1
330	1560368704	1560368711	3649096512	3649096543	1	29	27	1
331	1560368768	1560368895	503851382	503851383	1	25	31	1
332	333171072	333171199	503851382	503851383	1	25	31	1
333	1560368716	1560368719	3649096448	3649096511	1	30	26	1
334	1560368715	1560368715	3649096548	3649096548	0	32	32	1
335	1560368128	1560368639	503851381	503851381	1	23	32	1
336	333171040	333171071	503851381	503851381	0	27	32	1
337	3096282624	3096282687	503851384	503851391	1	26	29	1
338	3493085440	3493085503	1366454536	1366454543	1	26	29	1
339	333170944	333171007	2896046744	2896046751	1	26	29	1
340	3493085536	3493085567	2896046720	2896046735	1	27	28	1
341	1560368736	1560368767	3649096560	3649096575	1	27	28	1
342	3493085512	3493085519	1366454592	1366454655	1	29	26	1
343	1560368768	1560368895	3649096549	3649096549	0	25	32	1
344	1560368716	1560368719	3649096549	3649096549	0	30	32	1
345	1560368128	1560368639	503851380	503851380	1	23	32	1
346	333170688	333170943	2896046740	2896046741	1	24	31	1
347	333171712	333172735	2896046742	2896046742	1	22	32	1
348	3096282736	3096282739	503851380	503851380	0	30	32	1
349	3096282752	3096282879	2896046744	2896046751	1	25	29	1
350	333171072	333171199	1366454536	1366454543	1	25	29	1
351	3096282742	3096282743	503851520	503852031	1	31	23	1
352	3493085504	3493085507	1366454272	1366454527	1	30	24	1
353	333171012	333171015	503851008	503851263	1	30	24	1
354	3493085512	3493085519	1366454656	1366454783	1	29	25	1
355	1560368704	1560368711	503851392	503851519	1	29	25	1
356	3493085511	3493085511	1366455296	1366456319	1	32	22	1
357	1560368712	1560368713	3649096550	3649096551	0	31	31	1
358	1560368715	1560368715	3649096544	3649096547	0	32	30	1
359	3096281088	3096282111	503851382	503851383	1	22	31	1
360	3096282736	3096282739	503851382	503851383	0	30	31	1
361	3096282741	3096282741	503851384	503851391	0	32	29	1
362	3096282742	3096282743	503851376	503851379	0	31	30	1
363	1560368712	1560368713	3649096544	3649096547	0	31	30	1
364	3096282720	3096282735	3649096549	3649096549	0	28	32	1
365	1560368720	1560368735	3649096549	3649096549	0	28	32	1
366	3493199872	3493330943	2896046742	2896046742	6	15	32	1
367	3493089280	3493093375	1366454528	1366454528	1	20	32	1
368	3493085696	3493086207	2896046736	2896046739	1	23	30	1
369	3493085510	3493085510	1366450176	1366454271	1	32	20	1
370	1560368714	1560368714	3649097728	3649101823	1	32	20	1
371	3493085511	3493085511	1366456320	1366458367	1	32	21	1
372	333171008	333171008	2896044032	2896046079	1	32	21	1
373	1560368768	1560368895	3649096560	3649096575	1	25	28	1
374	333171040	333171071	2896046784	2896046847	1	27	26	1
375	3096282740	3096282740	503851328	503851359	0	32	27	1
376	3096282740	3096282740	2896046752	2896046783	0	32	27	1
377	3096282744	3096282751	503851520	503852031	1	29	23	1
378	3096282744	3096282751	3649095680	3649096191	1	29	23	1
379	3493085512	3493085519	1366454784	1366455295	1	29	23	1
380	3096282741	3096282741	503851360	503851375	0	32	28	1
381	3096282741	3096282741	503853056	503857151	1	32	20	1
382	3493086208	3493087231	2896046736	2896046739	1	22	30	1
383	3493085184	3493085439	1366454544	1366454559	1	24	28	1
384	3493085504	3493085507	2896046736	2896046739	0	30	30	1
385	1560368716	1560368719	3649096544	3649096547	0	30	30	1
386	3493085520	3493085535	2896046848	2896047103	1	28	24	1
387	333171024	333171039	2896046848	2896047103	1	28	24	1
388	1560368704	1560368711	1366454530	1366454531	0	29	31	1
389	333171024	333171039	2896046743	2896046743	0	28	32	1
390	333171040	333171071	2896046592	2896046719	1	27	25	1
391	3096281088	3096282111	503851384	503851391	1	22	29	1
392	333171712	333172735	2896046744	2896046751	1	22	29	1
393	3096283136	3096285183	2896046736	2896046739	1	21	30	1
394	3493087232	3493089279	2896046736	2896046739	1	21	30	1
395	3096282880	3096283135	2896046752	2896046783	1	24	27	1
396	1560368896	1560369151	1366454560	1366454591	1	24	27	1
397	333170688	333170943	1366454560	1366454591	1	24	27	1
398	3096282688	3096282719	503851008	503851263	1	27	24	1
399	3493085536	3493085567	2896046848	2896047103	1	27	24	1
400	1560368736	1560368767	3649096192	3649096447	1	27	24	1
401	3096282744	3096282751	503852032	503853055	1	29	22	1
402	3493085512	3493085519	1366455296	1366456319	1	29	22	1
403	1560368704	1560368711	3649096704	3649097727	1	29	22	1
404	3493089280	3493093375	1366454530	1366454531	1	20	31	1
405	3493087232	3493089279	2896046742	2896046742	0	21	32	1
406	3493085508	3493085509	1366454544	1366454559	0	31	28	1
407	1560368640	1560368703	503851392	503851519	1	26	25	1
408	333171072	333171199	1366454592	1366454655	1	25	26	1
409	333171024	333171039	2896046740	2896046741	0	28	31	1
410	3096282112	3096282623	503851328	503851359	1	23	27	1
411	3096282744	3096282751	2896046744	2896046751	0	29	29	1
412	333171016	333171023	2896046744	2896046751	0	29	29	1
413	3096282744	3096282751	2896044032	2896046079	1	29	21	1
414	3493085512	3493085519	2896044032	2896046079	1	29	21	1
415	3493085512	3493085519	3649093632	3649095679	1	29	21	1
416	3096282752	3096282879	3649096576	3649096703	1	25	25	1
417	3493085568	3493085695	3649096576	3649096703	1	25	25	1
418	3096282742	3096282743	3649101824	3649110015	1	31	19	1
419	3096282742	3096282743	503851328	503851359	0	31	27	1
420	3096282720	3096282735	503851376	503851379	0	28	30	1
421	3493089280	3493093375	2896046742	2896046742	0	20	32	1
422	3493089280	3493093375	2896046736	2896046739	1	20	30	1
423	3493085520	3493085535	1366455296	1366456319	1	28	22	1
424	1560368640	1560368703	3649096192	3649096447	1	26	24	1
425	3096282742	3096282743	503851264	503851327	0	31	26	1
426	1560368712	1560368713	503851264	503851327	0	31	26	1
427	3493093376	3493101567	2896046742	2896046742	0	19	32	1
428	3493085504	3493085507	1366454560	1366454591	0	30	27	1
429	3493085536	3493085567	2896047104	2896048127	1	27	22	1
430	3493085536	3493085567	3649096704	3649097727	1	27	22	1
431	3493085512	3493085519	1366454544	1366454559	0	29	28	1
432	1560368704	1560368711	503851360	503851375	0	29	28	1
433	1560363008	1560367103	503851384	503851391	1	20	29	1
434	1560368720	1560368735	3649096552	3649096559	0	28	29	1
435	333171072	333171199	1366454529	1366454529	0	25	32	1
436	333168640	333170687	2896046720	2896046735	1	21	28	1
437	333170944	333171007	2896046080	2896046591	1	26	23	1
438	3096282688	3096282719	503851384	503851391	0	27	29	1
439	3493085536	3493085567	2896046744	2896046751	0	27	29	1
440	3493085440	3493085503	3649096704	3649097727	1	26	22	1
441	3493085440	3493085503	1366454532	1366454535	0	26	30	1
442	3493085520	3493085535	2896046720	2896046735	0	28	28	1
443	3493085512	3493085519	2896046752	2896046783	0	29	27	1
444	1560368704	1560368711	3649096512	3649096543	0	29	27	1
445	1560368768	1560368895	503851382	503851383	0	25	31	1
446	333171072	333171199	503851382	503851383	0	25	31	1
447	1560368716	1560368719	3649096448	3649096511	0	30	26	1
448	1560367104	1560368127	3649096448	3649096511	1	22	26	1
449	1560368128	1560368639	503851392	503851519	1	23	25	1
450	333171200	333171711	2896046592	2896046719	1	23	25	1
451	1560368128	1560368639	503851381	503851381	0	23	32	1
452	3096285184	3096289279	2896046752	2896046783	1	20	27	1
453	3096282624	3096282687	503851384	503851391	0	26	29	1
454	3493085440	3493085503	1366454536	1366454543	0	26	29	1
455	333170944	333171007	2896046744	2896046751	0	26	29	1
456	3096282624	3096282687	503848960	503851007	1	26	21	1
457	3493085440	3493085503	1366456320	1366458367	1	26	21	1
458	3493101568	3493134335	2896046742	2896046742	0	17	32	1
459	3493086208	3493087231	3649096576	3649096703	1	22	25	1
460	333171072	333171199	2896047104	2896048127	1	25	22	1
461	3493085536	3493085567	2896048128	2896052223	1	27	20	1
462	3493085536	3493085567	2896046720	2896046735	0	27	28	1
463	1560368736	1560368767	3649096560	3649096575	0	27	28	1
464	3493085520	3493085535	1366441984	1366450175	1	28	19	1
465	3493085512	3493085519	1366454592	1366454655	0	29	26	1
466	1560346624	1560363007	3649096552	3649096559	1	18	29	1
467	1560368896	1560369151	503851520	503852031	1	24	23	1
468	1560368128	1560368639	503851380	503851380	0	23	32	1
469	333170688	333170943	2896046740	2896046741	0	24	31	1
470	333171712	333172735	2896046742	2896046742	0	22	32	1
471	3096313856	3096444927	2896046736	2896046739	6	15	30	2
472	3493101568	3493134335	1366454544	1366454559	6	17	28	2
473	3096282752	3096282879	2896046744	2896046751	0	25	29	1
474	333171072	333171199	1366454536	1366454543	0	25	29	1
475	3096282742	3096282743	503851520	503852031	0	31	23	1
476	3493134336	3493199871	1366454532	1366454535	1	16	30	1
477	3493085504	3493085507	1366454272	1366454527	0	30	24	1
478	333171012	333171015	503851008	503851263	0	30	24	1
479	3493085512	3493085519	1366454656	1366454783	0	29	25	1
480	1560368704	1560368711	503851392	503851519	0	29	25	1
481	3493085511	3493085511	1366455296	1366456319	0	32	22	1
482	3096313856	3096444927	2896046744	2896046751	6	15	29	3
483	3096281088	3096282111	503851382	503851383	0	22	31	1
484	3096248320	3096281087	503851360	503851375	1	17	28	1
485	3096282112	3096282623	3649096704	3649097727	1	23	22	1
486	3096282112	3096282623	3649096704	3649097727	6	23	22	1
487	3493089280	3493093375	3649096576	3649096703	1	20	25	1
488	3493089280	3493093375	1366454528	1366454528	0	20	32	1
489	3493085696	3493086207	2896046736	2896046739	0	23	30	1
490	1560367104	1560368127	3649096704	3649097727	6	22	22	2
491	333171712	333172735	2896047104	2896048127	6	22	22	3
492	3493085510	3493085510	1366450176	1366454271	0	32	20	1
493	1560368714	1560368714	3649097728	3649101823	0	32	20	1
494	3493085511	3493085511	1366456320	1366458367	0	32	21	1
495	333171008	333171008	2896044032	2896046079	0	32	21	1
496	1560368768	1560368895	3649096560	3649096575	0	25	28	1
497	333171040	333171071	2896046784	2896046847	0	27	26	1
498	3096313856	3096444927	2896046744	2896046751	1	15	29	1
499	3096289280	3096297471	3649096576	3649096703	1	19	25	1
500	3493093376	3493101567	3649096576	3649096703	1	19	25	1
501	3096282744	3096282751	503851520	503852031	0	29	23	1
502	3096282744	3096282751	3649095680	3649096191	0	29	23	1
503	3493085512	3493085519	1366454784	1366455295	0	29	23	1
504	3096282741	3096282741	503853056	503857151	0	32	20	1
505	3493087232	3493089279	3649096704	3649097727	6	21	22	2
506	3493087232	3493089279	2896047104	2896048127	6	21	22	3
507	3493085696	3493086207	2896048128	2896052223	6	23	20	3
508	333171712	333172735	3649096704	3649097727	6	22	22	1
509	333171712	333172735	2896047104	2896048127	1	22	22	1
510	3493086208	3493087231	2896046736	2896046739	0	22	30	1
511	3493086208	3493087231	3649093632	3649095679	6	22	21	3
512	3493085184	3493085439	1366454544	1366454559	0	24	28	1
513	3493085520	3493085535	2896046848	2896047103	0	28	24	1
514	333171024	333171039	2896046848	2896047103	0	28	24	1
515	1560368896	1560369151	503853056	503857151	1	24	20	1
516	333171200	333171711	2896044032	2896046079	1	23	21	1
517	333171040	333171071	2896046592	2896046719	0	27	25	1
518	3095920640	3096182783	2896046744	2896046751	1	14	29	1
519	3096285184	3096289279	3649096704	3649097727	6	20	22	3
520	3493089280	3493093375	2896047104	2896048127	6	20	22	3
521	3493089280	3493093375	3649096704	3649097727	6	20	22	3
522	3096281088	3096282111	503851384	503851391	0	22	29	1
523	333171712	333172735	2896046744	2896046751	0	22	29	1
524	3096283136	3096285183	2896046736	2896046739	0	21	30	1
525	3493087232	3493089279	2896046736	2896046739	0	21	30	1
526	3096282880	3096283135	503840768	503848959	1	24	19	1
527	3096282880	3096283135	2896046752	2896046783	0	24	27	1
528	1560368896	1560369151	1366454560	1366454591	0	24	27	1
529	333170688	333170943	1366454560	1366454591	0	24	27	1
530	3096282688	3096282719	503851008	503851263	0	27	24	1
531	3493085536	3493085567	2896046848	2896047103	0	27	24	1
532	1560368736	1560368767	3649096192	3649096447	0	27	24	1
533	3096282744	3096282751	503852032	503853055	0	29	22	1
534	3493085512	3493085519	1366455296	1366456319	0	29	22	1
535	1560368704	1560368711	3649096704	3649097727	0	29	22	1
536	3096282752	3096282879	503873536	503906303	6	25	17	3
537	3096282752	3096282879	3649044480	3649077247	6	25	17	3
538	3493101568	3493134335	3649096576	3649096703	6	17	25	3
539	3493089280	3493093375	1366454530	1366454531	0	20	31	1
540	3493087232	3493089279	3649096704	3649097727	1	21	22	1
541	3493087232	3493089279	2896044032	2896046079	6	21	21	3
542	3493087232	3493089279	3649093632	3649095679	6	21	21	2
543	3493085696	3493086207	2896048128	2896052223	1	23	20	1
544	3493085696	3493086207	1366450176	1366454271	1	23	20	1
545	333171200	333171711	2896048128	2896052223	1	23	20	1
546	3493086208	3493087231	3649093632	3649095679	1	22	21	1
547	3493085536	3493085567	1366294528	1366425599	6	27	15	3
548	1560368640	1560368703	503851392	503851519	0	26	25	1
549	332922880	333053951	2896046720	2896046735	1	15	28	1
550	333171072	333171199	1366454592	1366454655	0	25	26	1
551	3096297472	3096313855	2896046848	2896047103	1	18	24	1
552	3096289280	3096297471	3649096704	3649097727	6	19	22	3
553	3493093376	3493101567	3649096704	3649097727	6	19	22	2
554	3493093376	3493101567	2896047104	2896048127	6	19	22	3
555	1560371200	1560379391	3649096704	3649097727	6	19	22	3
556	333176832	333185023	2896047104	2896048127	6	19	22	3
557	3096285184	3096289279	3649096704	3649097727	1	20	22	1
558	3493089280	3493093375	2896047104	2896048127	1	20	22	1
559	333172736	333176831	2896047104	2896048127	1	20	22	1
560	3096182784	3096248319	503851264	503851327	1	16	26	1
561	3096282112	3096282623	503851328	503851359	0	23	27	1
562	3096282880	3096283135	503857152	503873535	1	24	18	1
563	3096282744	3096282751	2896044032	2896046079	0	29	21	1
564	3493085512	3493085519	2896044032	2896046079	0	29	21	1
565	3493085512	3493085519	3649093632	3649095679	0	29	21	1
566	3096282752	3096282879	3649096576	3649096703	0	25	25	1
567	3493085568	3493085695	3649096576	3649096703	0	25	25	1
568	3096282752	3096282879	503873536	503906303	1	25	17	1
569	3096282752	3096282879	3649044480	3649077247	1	25	17	1
570	3096282742	3096282743	3649101824	3649110015	0	31	19	1
571	3493101568	3493134335	3649096576	3649096703	1	17	25	1
572	333119488	333152255	2896046592	2896046719	1	17	25	1
573	3493199872	3493330943	3649096448	3649096511	6	15	26	2
574	3493089280	3493093375	3649093632	3649095679	6	20	21	2
575	3493089280	3493093375	2896044032	2896046079	6	20	21	2
576	3493089280	3493093375	2896046736	2896046739	0	20	30	1
577	3493087232	3493089279	2896044032	2896046079	1	21	21	1
578	3493087232	3493089279	3649093632	3649095679	1	21	21	1
579	3493087232	3493089279	2896048128	2896052223	6	21	20	3
580	1560369152	1560371199	1366450176	1366454271	6	21	20	3
581	3493085696	3493086207	2896052224	2896068607	6	23	18	3
582	3493085696	3493086207	1366425600	1366441983	6	23	18	3
583	3493085568	3493085695	1366491136	1366556671	6	25	16	3
584	3493085536	3493085567	1366294528	1366425599	1	27	15	1
585	3493085520	3493085535	1366455296	1366456319	0	28	22	1
586	1560368640	1560368703	3649096192	3649096447	0	26	24	1
587	333171712	333172735	2896048128	2896052223	6	22	20	1
588	333171712	333172735	2896048128	2896052223	1	22	20	1
589	333171712	333172735	2896035840	2896044031	6	22	19	3
590	3096444928	3097493503	2896046744	2896046751	6	12	29	1
591	3096444928	3097493503	2896046744	2896046751	1	12	29	1
592	3096444928	3097493503	2896046720	2896046735	6	12	28	2
593	3096313856	3096444927	3649096576	3649096703	6	15	25	3
594	1560412160	1560543231	3649096576	3649096703	6	15	25	3
595	3096297472	3096313855	3649096704	3649097727	6	18	22	3
596	3493068800	3493085183	3649096704	3649097727	6	18	22	3
597	1560346624	1560363007	3649096704	3649097727	6	18	22	3
598	333152256	333168639	2896047104	2896048127	6	18	22	3
599	3095396352	3095920639	503851328	503851359	6	13	27	3
600	332398592	332922879	503851328	503851359	6	13	27	3
601	3095920640	3096182783	503851264	503851327	6	14	26	3
602	3492806656	3493068799	1366454592	1366454655	6	14	26	3
603	1560543232	1560805375	1366454592	1366454655	6	14	26	3
604	3096289280	3096297471	3649093632	3649095679	6	19	21	2
605	3493093376	3493101567	3649093632	3649095679	6	19	21	3
606	3493093376	3493101567	2896044032	2896046079	6	19	21	3
607	1560371200	1560379391	3649093632	3649095679	6	19	21	3
608	3493093376	3493101567	3649096704	3649097727	1	19	22	1
609	3493093376	3493101567	2896047104	2896048127	1	19	22	1
610	1560371200	1560379391	3649096704	3649097727	1	19	22	1
611	333176832	333185023	2896047104	2896048127	1	19	22	1
612	3489660928	3491758079	1366454536	1366454543	6	11	29	3
613	3493089280	3493093375	3649093632	3649095679	1	20	21	1
614	3493089280	3493093375	2896044032	2896046079	1	20	21	1
615	3493089280	3493093375	2896048128	2896052223	6	20	20	2
616	3493087232	3493089279	2896048128	2896052223	1	21	20	1
617	1560369152	1560371199	1366450176	1366454271	1	21	20	1
618	3493085696	3493086207	2896052224	2896068607	1	23	18	1
619	3493085696	3493086207	1366425600	1366441983	1	23	18	1
620	3493085696	3493086207	1366458368	1366491135	6	23	17	3
621	3493086208	3493087231	2896052224	2896068607	6	22	18	3
622	3493086208	3493087231	3649077248	3649093631	6	22	18	3
623	3493085568	3493085695	1366491136	1366556671	1	25	16	1
624	3493085440	3493085503	1366556672	1366818815	6	26	14	3
625	3493085536	3493085567	2896047104	2896048127	0	27	22	1
626	3493085536	3493085567	3649096704	3649097727	0	27	22	1
627	3493085536	3493085567	1366818816	1367343103	6	27	13	3
628	1560363008	1560367103	503851384	503851391	0	20	29	1
629	333168640	333170687	2896046720	2896046735	0	21	28	1
630	333171712	333172735	2896035840	2896044031	1	22	19	1
631	333170944	333171007	2896046080	2896046591	0	26	23	1
632	3096444928	3097493503	2896046720	2896046735	1	12	28	1
633	3096313856	3096444927	3649096576	3649096703	1	15	25	1
634	1560412160	1560543231	3649096576	3649096703	1	15	25	1
635	3097493504	3099590655	2896046744	2896046751	6	11	29	1
636	3097493504	3099590655	2896046744	2896046751	1	11	29	1
637	3489660928	3491758079	1366454536	1366454543	1	11	29	1
638	3096297472	3096313855	3649096704	3649097727	1	18	22	1
639	3493068800	3493085183	3649096704	3649097727	1	18	22	1
640	1560346624	1560363007	3649096704	3649097727	1	18	22	1
641	333152256	333168639	2896047104	2896048127	1	18	22	1
642	3095396352	3095920639	503851328	503851359	1	13	27	1
643	332398592	332922879	503851328	503851359	1	13	27	1
644	3492806656	3493068799	1366454592	1366454655	1	14	26	1
645	1560543232	1560805375	1366454592	1366454655	1	14	26	1
646	3096289280	3096297471	3649093632	3649095679	1	19	21	1
647	3493093376	3493101567	3649093632	3649095679	1	19	21	1
648	3493093376	3493101567	2896044032	2896046079	1	19	21	1
649	1560371200	1560379391	3649093632	3649095679	1	19	21	1
650	3096282624	3096282687	503316480	503840767	6	26	13	3
651	3096283136	3096285183	503857152	503873535	6	21	18	3
652	1560369152	1560371199	3649077248	3649093631	6	21	18	3
653	3096282744	3096282751	507510784	511705087	6	29	10	3
654	3493101568	3493134335	2896047104	2896048127	6	17	22	3
655	3493101568	3493134335	3649096704	3649097727	6	17	22	2
656	3493089280	3493093375	2896048128	2896052223	1	20	20	1
657	3493093376	3493101567	2896048128	2896052223	6	19	20	3
658	3493085696	3493086207	1366458368	1366491135	1	23	17	1
659	3493086208	3493087231	2896052224	2896068607	1	22	18	1
660	3493086208	3493087231	3649077248	3649093631	1	22	18	1
661	3493086208	3493087231	2896068608	2896101375	6	22	17	3
662	3493086208	3493087231	3649044480	3649077247	6	22	17	2
663	3493085568	3493085695	2895642624	2895904767	6	25	14	3
664	3493085440	3493085503	3649096704	3649097727	0	26	22	1
665	3493085440	3493085503	1366556672	1366818815	1	26	14	1
666	3493068800	3493085183	2896044032	2896046079	6	18	21	2
667	3493085536	3493085567	1366818816	1367343103	1	27	13	1
668	1560543232	1560805375	3649096576	3649096703	6	14	25	2
669	1564475392	1568669695	1366454532	1366454535	6	10	30	1
670	1560363008	1560367103	3649101824	3649110015	6	20	19	3
671	1560363008	1560367103	503840768	503848959	6	20	19	3
672	1560367104	1560368127	3649096448	3649096511	0	22	26	1
673	1560368128	1560368639	503851392	503851519	0	23	25	1
674	333171200	333171711	2896046592	2896046719	0	23	25	1
675	333447168	335544319	2896046720	2896046735	6	11	28	2
676	333053952	333119487	2896046080	2896046591	6	16	23	3
677	3097493504	3099590655	2896046720	2896046735	6	11	28	1
678	333447168	335544319	2896046720	2896046735	1	11	28	1
679	3096285184	3096289279	2896046752	2896046783	0	20	27	1
680	3096282624	3096282687	503848960	503851007	0	26	21	1
681	3493085440	3493085503	1366456320	1366458367	0	26	21	1
682	3096282624	3096282687	503316480	503840767	1	26	13	1
683	1560369152	1560371199	3649077248	3649093631	1	21	18	1
684	3096282112	3096282623	503971840	504102911	6	23	15	3
685	333171200	333171711	2895904768	2896035839	6	23	15	3
686	3096282880	3096283135	504102912	504365055	6	24	14	3
687	1560368896	1560369151	3649306624	3649568767	6	24	14	3
688	3096282744	3096282751	507510784	511705087	1	29	10	1
689	3493101568	3493134335	3649093632	3649095679	6	17	21	2
690	3493101568	3493134335	2896044032	2896046079	6	17	21	2
691	3493101568	3493134335	2896047104	2896048127	1	17	22	1
692	3493199872	3493330943	1366454784	1366455295	6	15	23	2
693	3493134336	3493199871	3649096704	3649097727	6	16	22	1
694	3493093376	3493101567	2896048128	2896052223	1	19	20	1
695	3493086208	3493087231	3649096576	3649096703	0	22	25	1
696	3493086208	3493087231	2896068608	2896101375	1	22	17	1
697	3493086208	3493087231	3649110016	3649175551	6	22	16	3
698	333171712	333172735	2896101376	2896166911	6	22	16	3
699	3493085568	3493085695	3649096704	3649097727	0	25	22	1
700	333171072	333171199	2896047104	2896048127	0	25	22	1
701	3493085568	3493085695	2895642624	2895904767	1	25	14	1
702	3493068800	3493085183	2896048128	2896052223	6	18	20	3
703	3493085536	3493085567	2896048128	2896052223	0	27	20	1
704	3493085520	3493085535	1366441984	1366450175	0	28	19	1
705	1560543232	1560805375	3649096576	3649096703	1	14	25	1
706	1560346624	1560363007	3649096552	3649096559	0	18	29	1
707	1560368896	1560369151	503851520	503852031	0	24	23	1
708	1560368768	1560368895	3649568768	3650093055	6	25	13	3
709	1560363008	1560367103	3649101824	3649110015	1	20	19	1
710	1560363008	1560367103	503840768	503848959	1	20	19	1
711	333053952	333119487	2896046080	2896046591	1	16	23	1
712	3096313856	3096444927	3649096704	3649097727	6	15	22	2
713	3493199872	3493330943	3649096704	3649097727	6	15	22	3
714	3493199872	3493330943	2896047104	2896048127	6	15	22	3
715	3096297472	3096313855	2896046720	2896046735	0	18	28	1
716	3096289280	3096297471	2896046752	2896046783	0	19	27	1
717	3096283136	3096285183	503906304	503971839	6	21	16	3
718	3096282112	3096282623	503971840	504102911	1	23	15	1
719	333171200	333171711	2895904768	2896035839	1	23	15	1
720	3096282880	3096283135	504102912	504365055	1	24	14	1
721	1560368896	1560369151	3649306624	3649568767	1	24	14	1
722	3096282752	3096282879	504365056	505413631	6	25	12	3
723	1560368768	1560368895	3650093056	3651141631	6	25	12	3
724	1560368768	1560368895	1365245952	1366294527	6	25	12	3
725	3493101568	3493134335	2896044032	2896046079	1	17	21	1
726	3493101568	3493134335	2896048128	2896052223	6	17	20	3
727	3493199872	3493330943	1366454784	1366455295	1	15	23	1
728	3493134336	3493199871	2896044032	2896046079	6	16	21	2
729	3493134336	3493199871	3649093632	3649095679	6	16	21	3
730	3493134336	3493199871	2896047104	2896048127	6	16	22	1
731	3493134336	3493199871	1366454532	1366454535	0	16	30	1
732	3493087232	3493089279	3649096576	3649096703	0	21	25	1
733	3493085696	3493086207	3649306624	3649568767	6	23	14	1
734	3493086208	3493087231	3649110016	3649175551	1	22	16	1
735	333171712	333172735	2896101376	2896166911	1	22	16	1
736	3493068800	3493085183	2896048128	2896052223	1	18	20	1
737	3493085536	3493085567	1358954496	1363148799	6	27	10	3
738	1560368768	1560368895	3649568768	3650093055	1	25	13	1
739	1560367104	1560368127	3649175552	3649306623	6	22	15	3
740	333170688	333170943	2895118336	2895642623	6	24	13	3
741	3096313856	3096444927	2896044032	2896046079	6	15	21	2
742	3493199872	3493330943	3649093632	3649095679	6	15	21	2
743	3096313856	3096444927	3649096704	3649097727	1	15	22	1
744	3493199872	3493330943	2896047104	2896048127	1	15	22	1
745	3096313856	3096444927	2896046736	2896046739	0	15	30	1
746	3096289280	3096297471	3649044480	3649077247	6	19	17	3
747	3096285184	3096289279	503906304	503971839	6	20	16	2
748	3096248320	3096281087	503851360	503851375	0	17	28	1
749	3096283136	3096285183	503906304	503971839	1	21	16	1
750	3096282112	3096282623	3649096704	3649097727	0	23	22	1
751	3096282752	3096282879	504365056	505413631	1	25	12	1
752	1560368768	1560368895	3650093056	3651141631	1	25	12	1
753	1560368768	1560368895	1365245952	1366294527	1	25	12	1
754	3493101568	3493134335	2896048128	2896052223	1	17	20	1
755	3493134336	3493199871	2896044032	2896046079	1	16	21	1
756	3493134336	3493199871	2896048128	2896052223	6	16	20	3
757	3493089280	3493093375	3649096576	3649096703	0	20	25	1
758	3493087232	3493089279	1366294528	1366425599	6	21	15	3
759	3493085536	3493085567	1358954496	1363148799	1	27	10	1
760	3493085536	3493085567	2885681152	2894069759	6	27	9	3
761	1560367104	1560368127	3649175552	3649306623	1	22	15	1
762	333170688	333170943	2895118336	2895642623	1	24	13	1
763	3493199872	3493330943	3649093632	3649095679	1	15	21	1
764	3493199872	3493330943	2896044032	2896046079	6	15	21	1
765	3096313856	3096444927	2896046744	2896046751	0	15	29	1
766	3096289280	3096297471	3649044480	3649077247	1	19	17	1
767	3096289280	3096297471	3649096576	3649096703	0	19	25	1
768	3493093376	3493101567	3649096576	3649096703	0	19	25	1
769	3096285184	3096289279	503906304	503971839	1	20	16	1
770	3096282752	3096282879	507510784	511705087	6	25	10	3
771	3493085568	3493085695	3653238784	3657433087	6	25	10	3
772	3493199872	3493330943	2896048128	2896052223	6	15	20	2
773	3493134336	3493199871	2896048128	2896052223	1	16	20	1
774	3493087232	3493089279	1366294528	1366425599	1	21	15	1
775	3493086208	3493087231	3649096704	3649097727	0	22	22	1
776	1560367104	1560368127	3649096704	3649097727	0	22	22	1
777	333171712	333172735	2896047104	2896048127	0	22	22	1
778	3493085536	3493085567	2885681152	2894069759	1	27	9	1
779	1560368896	1560369151	503853056	503857151	0	24	20	1
780	1560368736	1560368767	3623878656	3640655871	6	27	8	3
781	333152256	333168639	2896068608	2896101375	6	18	17	3
782	333171200	333171711	2896044032	2896046079	0	23	21	1
783	3096297472	3096313855	3649110016	3649175551	6	18	16	3
784	3095920640	3096182783	2896046744	2896046751	0	14	29	1
785	3096282112	3096282623	505413632	507510783	6	23	11	3
786	3493085696	3493086207	1363148800	1365245951	6	23	11	3
787	3096282880	3096283135	503840768	503848959	0	24	19	1
788	3096282752	3096282879	507510784	511705087	1	25	10	1
789	3493085568	3493085695	3653238784	3657433087	1	25	10	1
790	3493199872	3493330943	2896048128	2896052223	1	15	20	1
791	3493330944	3493855231	2896047104	2896048127	6	13	22	1
792	3493330944	3493855231	3649096704	3649097727	6	13	22	1
793	3493330944	3493855231	2896044032	2896046079	6	13	21	2
794	3493087232	3493089279	3649096704	3649097727	0	21	22	1
795	3493087232	3493089279	2896047104	2896048127	0	21	22	1
796	3493085696	3493086207	2896048128	2896052223	0	23	20	1
797	3493085696	3493086207	1366450176	1366454271	0	23	20	1
798	333171200	333171711	2896048128	2896052223	0	23	20	1
799	3493086208	3493087231	3649093632	3649095679	0	22	21	1
800	3493085568	3493085695	1367343104	1375731711	6	25	9	3
801	3493085520	3493085535	1409286144	1476395007	6	28	6	3
802	333171024	333171039	2818572288	2885681151	6	28	6	3
803	1560368736	1560368767	3623878656	3640655871	1	27	8	1
804	332922880	333053951	2896046720	2896046735	0	15	28	1
805	333152256	333168639	2896068608	2896101375	1	18	17	1
806	3096297472	3096313855	3649110016	3649175551	1	18	16	1
807	3096297472	3096313855	2896046848	2896047103	0	18	24	1
808	3096285184	3096289279	3649096704	3649097727	0	20	22	1
809	3493089280	3493093375	2896047104	2896048127	0	20	22	1
810	3493089280	3493093375	3649096704	3649097727	0	20	22	1
811	333172736	333176831	2896047104	2896048127	0	20	22	1
812	3096182784	3096248319	503851264	503851327	0	16	26	1
813	3096282112	3096282623	505413632	507510783	1	23	11	1
814	3493085696	3493086207	1363148800	1365245951	1	23	11	1
815	3096282880	3096283135	503857152	503873535	0	24	18	1
816	3096282752	3096282879	503873536	503906303	0	25	17	1
817	3096282752	3096282879	3649044480	3649077247	0	25	17	1
818	3493101568	3493134335	3649096576	3649096703	0	17	25	1
819	333119488	333152255	2896046592	2896046719	0	17	25	1
820	3493093376	3493101567	1366556672	1366818815	6	19	14	3
821	3493330944	3493855231	3649093632	3649095679	6	13	21	1
822	3493330944	3493855231	2896044032	2896046079	1	13	21	1
823	3493087232	3493089279	2896044032	2896046079	0	21	21	1
824	3493085696	3493086207	1358954496	1363148799	6	23	10	3
825	3493086208	3493087231	2896166912	2898264063	6	22	11	3
826	3493085568	3493085695	1367343104	1375731711	1	25	9	1
827	3493085536	3493085567	1366294528	1366425599	0	27	15	1
828	3493085520	3493085535	1409286144	1476395007	1	28	6	1
829	333171024	333171039	2818572288	2885681151	1	28	6	1
830	1562378240	1564475391	3649096704	3649097727	6	11	22	2
831	1560281088	1560346623	503873536	503906303	6	16	17	2
832	333171712	333172735	2896048128	2896052223	0	22	20	1
833	3096313856	3096444927	3649044480	3649077247	6	15	17	3
834	3096289280	3096297471	3649096704	3649097727	0	19	22	1
835	3493093376	3493101567	3649096704	3649097727	0	19	22	1
836	3493093376	3493101567	2896047104	2896048127	0	19	22	1
837	1560371200	1560379391	3649096704	3649097727	0	19	22	1
838	333176832	333185023	2896047104	2896048127	0	19	22	1
839	3096282624	3096282687	402653184	469762047	6	26	6	3
840	3493089280	3493093375	3649093632	3649095679	0	20	21	1
841	3493089280	3493093375	2896044032	2896046079	0	20	21	1
842	3493093376	3493101567	1366556672	1366818815	1	19	14	1
843	3493330944	3493855231	2896048128	2896052223	6	13	20	1
844	3493330944	3493855231	2896048128	2896052223	1	13	20	1
845	3493087232	3493089279	3651141632	3653238783	6	21	11	3
846	3493087232	3493089279	2896166912	2898264063	6	21	11	2
847	3493087232	3493089279	2896048128	2896052223	0	21	20	1
848	1560369152	1560371199	1366450176	1366454271	0	21	20	1
849	3493085696	3493086207	2896052224	2896068607	0	23	18	1
850	3493085696	3493086207	1366425600	1366441983	0	23	18	1
851	3493085696	3493086207	1358954496	1363148799	1	23	10	1
852	3493086208	3493087231	2896166912	2898264063	1	22	11	1
853	3493086208	3493087231	3653238784	3657433087	6	22	10	3
854	3493085568	3493085695	1366491136	1366556671	0	25	16	1
855	333171712	333172735	2896035840	2896044031	0	22	19	1
856	3096444928	3097493503	2896046720	2896046735	0	12	28	1
857	3096313856	3096444927	3649096576	3649096703	0	15	25	1
858	1560412160	1560543231	3649096576	3649096703	0	15	25	1
859	3097493504	3099590655	3649093632	3649095679	6	11	21	1
860	3096297472	3096313855	3649096704	3649097727	0	18	22	1
861	3493068800	3493085183	3649096704	3649097727	0	18	22	1
862	1560346624	1560363007	3649096704	3649097727	0	18	22	1
863	333152256	333168639	2896047104	2896048127	0	18	22	1
864	3095396352	3095920639	503851328	503851359	0	13	27	1
865	332398592	332922879	503851328	503851359	0	13	27	1
866	3095920640	3096182783	503851264	503851327	0	14	26	1
867	3492806656	3493068799	1366454592	1366454655	0	14	26	1
868	1560543232	1560805375	1366454592	1366454655	0	14	26	1
869	3096289280	3096297471	3649093632	3649095679	0	19	21	1
870	3493093376	3493101567	3649093632	3649095679	0	19	21	1
871	3493093376	3493101567	2896044032	2896046079	0	19	21	1
872	1560371200	1560379391	3649093632	3649095679	0	19	21	1
873	3096285184	3096289279	3651141632	3653238783	6	20	11	3
874	3096282624	3096282687	402653184	469762047	1	26	6	1
875	3489660928	3491758079	1366454536	1366454543	0	11	29	1
876	3493089280	3493093375	2896048128	2896052223	0	20	20	1
877	3493087232	3493089279	3651141632	3653238783	1	21	11	1
878	3493087232	3493089279	2896166912	2898264063	1	21	11	1
879	3493085696	3493086207	1366458368	1366491135	0	23	17	1
880	3493086208	3493087231	3653238784	3657433087	1	22	10	1
881	3493086208	3493087231	3640655872	3649044479	6	22	9	3
882	3493086208	3493087231	2885681152	2894069759	6	22	9	3
883	3493086208	3493087231	2896052224	2896068607	0	22	18	1
884	3493086208	3493087231	3649077248	3649093631	0	22	18	1
885	3493085440	3493085503	1366556672	1366818815	0	26	14	1
886	3493085536	3493085567	1366818816	1367343103	0	27	13	1
887	1564475392	1568669695	1366454532	1366454535	0	10	30	1
888	3097493504	3099590655	2896048128	2896052223	6	11	20	1
889	3097493504	3099590655	2896046720	2896046735	0	11	28	1
890	333447168	335544319	2896046720	2896046735	0	11	28	1
891	3096285184	3096289279	3651141632	3653238783	1	20	11	1
892	3096282624	3096282687	503316480	503840767	0	26	13	1
893	3096283136	3096285183	503857152	503873535	0	21	18	1
894	1560369152	1560371199	3649077248	3649093631	0	21	18	1
895	3096282744	3096282751	507510784	511705087	0	29	10	1
896	3096282752	3096282879	268435456	402653183	6	25	5	3
897	3493101568	3493134335	2896047104	2896048127	0	17	22	1
898	3493101568	3493134335	3649096704	3649097727	0	17	22	1
899	3493093376	3493101567	2896048128	2896052223	0	19	20	1
900	3493086208	3493087231	3640655872	3649044479	1	22	9	1
901	3493086208	3493087231	2885681152	2894069759	1	22	9	1
902	3493086208	3493087231	2896068608	2896101375	0	22	17	1
903	3493086208	3493087231	3649044480	3649077247	0	22	17	1
904	3493086208	3493087231	1342177280	1358954495	6	22	8	3
905	3493085568	3493085695	2895642624	2895904767	0	25	14	1
906	3493068800	3493085183	1365245952	1366294527	6	18	12	2
907	1560543232	1560805375	3649096576	3649096703	0	14	25	1
908	1560363008	1560367103	3649101824	3649110015	0	20	19	1
909	1560363008	1560367103	503840768	503848959	0	20	19	1
910	333053952	333119487	2896046080	2896046591	0	16	23	1
911	333172736	333176831	2898264064	2902458367	6	20	10	3
912	3087007744	3095396351	2896048128	2896052223	6	9	20	2
913	3096285184	3096289279	511705088	520093695	6	20	9	3
914	3096282624	3096282687	2147483648	2684354559	6	26	3	3
915	3096282112	3096282623	503971840	504102911	0	23	15	1
916	333171200	333171711	2895904768	2896035839	0	23	15	1
917	3096282880	3096283135	504102912	504365055	0	24	14	1
918	1560368896	1560369151	3649306624	3649568767	0	24	14	1
919	3096282752	3096282879	268435456	402653183	1	25	5	1
920	3493101568	3493134335	2896044032	2896046079	0	17	21	1
921	3493199872	3493330943	1366454784	1366455295	0	15	23	1
922	3506438144	3523215359	2896044032	2896046079	6	8	21	1
923	3493134336	3493199871	3649096704	3649097727	0	16	22	1
924	3493086208	3493087231	1342177280	1358954495	1	22	8	1
925	3493086208	3493087231	3649110016	3649175551	0	22	16	1
926	333171712	333172735	2896101376	2896166911	0	22	16	1
927	3493068800	3493085183	2896048128	2896052223	0	18	20	1
928	3493068800	3493085183	1365245952	1366294527	1	18	12	1
929	1577058304	1610612735	3649096704	3649097727	6	7	22	1
930	1560368896	1560369151	3489660928	3623878655	6	24	5	3
931	1560368768	1560368895	3649568768	3650093055	0	25	13	1
932	333171072	333171199	1073741824	1342177279	6	25	4	3
933	333172736	333176831	2898264064	2902458367	1	20	10	1
934	3096313856	3096444927	3649096704	3649097727	0	15	22	1
935	3493199872	3493330943	2896047104	2896048127	0	15	22	1
936	3096297472	3096313855	3653238784	3657433087	6	18	10	2
937	3096285184	3096289279	520093696	536870911	6	20	8	3
938	333172736	333176831	2902458368	2919235583	6	20	8	3
939	3096285184	3096289279	511705088	520093695	1	20	9	1
940	3096282624	3096282687	2147483648	2684354559	1	26	3	1
941	3096283136	3096285183	503906304	503971839	0	21	16	1
942	3096283136	3096285183	469762048	503316479	6	21	7	3
943	1560369152	1560371199	3657433088	3690987519	6	21	7	3
944	3096282880	3096283135	2952790016	3221225471	6	24	4	3
945	1560368896	1560369151	3221225472	3489660927	6	24	4	3
946	3096282752	3096282879	504365056	505413631	0	25	12	1
947	1560368768	1560368895	3650093056	3651141631	0	25	12	1
948	1560368768	1560368895	1365245952	1366294527	0	25	12	1
949	3493101568	3493134335	2896048128	2896052223	0	17	20	1
950	3493134336	3493199871	2896044032	2896046079	0	16	21	1
951	3493134336	3493199871	3649093632	3649095679	0	16	21	1
952	3493085568	3493085695	1610612736	2147483647	6	25	3	3
953	3493085536	3493085567	1358954496	1363148799	0	27	10	1
954	1560368896	1560369151	3489660928	3623878655	1	24	5	1
955	1560367104	1560368127	3649175552	3649306623	0	22	15	1
956	333171072	333171199	1073741824	1342177279	1	25	4	1
957	333170688	333170943	2895118336	2895642623	0	24	13	1
958	333171200	333171711	2684354560	2818572287	6	23	5	3
959	3096313856	3096444927	2896044032	2896046079	0	15	21	1
960	3493199872	3493330943	3649093632	3649095679	0	15	21	1
961	3493199872	3493330943	2896044032	2896046079	0	15	21	1
962	3096297472	3096313855	3653238784	3657433087	1	18	10	1
963	3095920640	3096182783	503316480	503840767	6	14	13	2
964	3096289280	3096297471	3649044480	3649077247	0	19	17	1
965	3096289280	3096297471	2902458368	2919235583	6	19	8	2
966	3096285184	3096289279	520093696	536870911	1	20	8	1
967	333172736	333176831	2902458368	2919235583	1	20	8	1
968	3096285184	3096289279	503906304	503971839	0	20	16	1
969	3096283136	3096285183	469762048	503316479	1	21	7	1
970	1560369152	1560371199	3657433088	3690987519	1	21	7	1
971	3096282880	3096283135	2952790016	3221225471	1	24	4	1
972	1560368896	1560369151	3221225472	3489660927	1	24	4	1
973	3096282880	3096283135	536870912	1073741823	6	24	3	3
974	3523215360	3556769791	2896044032	2896046079	6	7	21	1
975	3556769792	3623878655	2896047104	2896048127	6	6	22	1
976	3506438144	3523215359	2896048128	2896052223	6	8	20	1
977	3493134336	3493199871	2896048128	2896052223	0	16	20	1
978	3493087232	3493089279	1366294528	1366425599	0	21	15	1
979	3493085568	3493085695	1073741824	2147483647	6	25	2	3
980	3493085568	3493085695	1610612736	2147483647	1	25	3	1
981	3493085536	3493085567	2885681152	2894069759	0	27	9	1
982	1560369152	1560371199	3690987520	3758096383	6	21	6	3
983	333053952	333119487	2894069760	2895118335	6	16	12	1
984	333171200	333171711	0	268435455	6	23	4	3
985	333171200	333171711	2684354560	2818572287	1	23	5	1
986	333171712	333172735	1476395008	1610612735	6	22	5	3
987	3095920640	3096182783	503316480	503840767	1	14	13	1
988	3096289280	3096297471	2902458368	2919235583	1	19	8	1
989	3096282880	3096283135	536870912	1073741823	1	24	3	1
990	3096282752	3096282879	507510784	511705087	0	25	10	1
991	3493085568	3493085695	3653238784	3657433087	0	25	10	1
992	3493199872	3493330943	2896048128	2896052223	0	15	20	1
993	3523215360	3556769791	2896048128	2896052223	6	7	20	1
994	3623878656	3758096383	3649096704	3649097727	6	5	22	1
995	3623878656	3758096383	2896047104	2896048127	6	5	22	1
996	3493330944	3493855231	2896047104	2896048127	0	13	22	1
997	3493330944	3493855231	3649096704	3649097727	0	13	22	1
998	3493085568	3493085695	1073741824	2147483647	1	25	2	1
999	1560369152	1560371199	3690987520	3758096383	1	21	6	1
1000	1560368736	1560368767	3623878656	3640655871	0	27	8	1
1001	333176832	333185023	2919235584	2952790015	6	19	7	3
1002	333152256	333168639	2896068608	2896101375	0	18	17	1
1003	333171200	333171711	0	268435455	1	23	4	1
1004	333171712	333172735	1476395008	1610612735	1	22	5	1
1005	333170944	333171007	0	4294967295	6	26	0	3
1006	3096297472	3096313855	3649110016	3649175551	0	18	16	1
1007	3096282112	3096282623	505413632	507510783	0	23	11	1
1008	3493085696	3493086207	1363148800	1365245951	0	23	11	1
1009	3492806656	3493068799	2896166912	2898264063	6	14	11	2
1010	333185024	333447167	2896166912	2898264063	6	14	11	3
1011	3493330944	3493855231	3649093632	3649095679	0	13	21	1
1012	3493330944	3493855231	2896044032	2896046079	0	13	21	1
1013	3493085568	3493085695	1367343104	1375731711	0	25	9	1
1014	3493085520	3493085535	1409286144	1476395007	0	28	6	1
1015	333171024	333171039	2818572288	2885681151	0	28	6	1
1016	1073741824	1342177279	3649096704	3649097727	6	4	22	1
1017	333176832	333185023	2919235584	2952790015	1	19	7	1
1018	333170944	333171007	0	4294967295	1	26	0	1
1019	333185024	333447167	2896166912	2898264063	1	14	11	1
1020	3493093376	3493101567	1366556672	1366818815	0	19	14	1
1021	3758096384	4294967295	2896047104	2896048127	6	3	22	1
1022	3493085696	3493086207	1358954496	1363148799	0	23	10	1
1023	3493086208	3493087231	2896166912	2898264063	0	22	11	1
1024	3493086208	3493087231	2147483648	3221225471	6	22	2	3
1025	1562378240	1564475391	3649096704	3649097727	0	11	22	1
1026	1560281088	1560346623	503873536	503906303	0	16	17	1
1027	1560369152	1560371199	536870912	1073741823	6	21	3	3
1028	3096313856	3096444927	3649044480	3649077247	0	15	17	1
1029	3096285184	3096289279	3758096384	4294967295	6	20	3	2
1030	3096282624	3096282687	402653184	469762047	0	26	6	1
1031	3493087232	3493089279	3651141632	3653238783	0	21	11	1
1032	3493087232	3493089279	2896166912	2898264063	0	21	11	1
1033	3493086208	3493087231	3653238784	3657433087	0	22	10	1
1034	3493086208	3493087231	2147483648	3221225471	1	22	2	1
1035	1560369152	1560371199	536870912	1073741823	1	21	3	1
1036	1560368128	1560368639	0	4294967295	6	23	0	3
1037	333152256	333168639	2684354560	2818572287	6	18	5	3
1038	3096285184	3096289279	3651141632	3653238783	0	20	11	1
1039	3103784960	3120562175	2895642624	2895904767	6	8	14	3
1040	1543503872	1560281087	3649306624	3649568767	6	8	14	3
1041	2147483648	2684354559	2896048128	2896052223	6	3	20	1
1042	3154116608	3221225471	3649110016	3649175551	6	6	16	3
1043	1476395008	1543503871	3649110016	3649175551	6	6	16	3
1044	3523215360	3556769791	1366294528	1366425599	6	7	15	3
1045	3623878656	3758096383	2896068608	2896101375	6	5	17	2
1046	402653184	536870911	2896068608	2896101375	6	5	17	3
1047	3493086208	3493087231	3640655872	3649044479	0	22	9	1
1048	3493086208	3493087231	2885681152	2894069759	0	22	9	1
1049	1560805376	1561329663	3640655872	3649044479	6	13	9	2
1050	1560368128	1560368639	0	4294967295	1	23	0	1
1051	0	4294967295	2896047104	2896048127	6	0	22	2
1052	333152256	333168639	2684354560	2818572287	1	18	5	1
1053	3096444928	3097493503	3653238784	3657433087	6	12	10	1
1054	3097493504	3099590655	2896166912	2898264063	6	11	11	1
1055	3096289280	3096297471	2147483648	3221225471	6	19	2	3
1056	1543503872	1560281087	3649306624	3649568767	1	8	14	1
1057	3096248320	3096281087	0	268435455	6	17	4	3
1058	3154116608	3221225471	3649110016	3649175551	1	6	16	1
1059	1476395008	1543503871	3649110016	3649175551	1	6	16	1
1060	3096282752	3096282879	268435456	402653183	0	25	5	1
1061	3506438144	3523215359	1366818816	1367343103	6	8	13	3
1062	3623878656	3758096383	2896068608	2896101375	1	5	17	1
1063	402653184	536870911	2896068608	2896101375	1	5	17	1
1064	3493086208	3493087231	1342177280	1358954495	0	22	8	1
1065	3493068800	3493085183	1365245952	1366294527	0	18	12	1
1066	1610612736	2147483647	3649077248	3649093631	6	3	18	3
1067	536870912	1073741823	2896052224	2896068607	6	3	18	3
1068	1560281088	1560346623	3489660928	3623878655	6	16	5	3
1069	0	268435455	2896068608	2896101375	6	4	17	3
1070	0	4294967295	2896044032	2896046079	6	0	21	2
1071	0	4294967295	2896047104	2896048127	1	0	22	1
1072	333172736	333176831	2898264064	2902458367	0	20	10	1
1073	3087007744	3095396351	2896048128	2896052223	0	9	20	1
1074	3097493504	3099590655	3653238784	3657433087	6	11	10	1
1075	3120562176	3154116607	3649306624	3649568767	6	7	14	1
1076	3120562176	3154116607	3649306624	3649568767	1	7	14	1
1077	3096289280	3096297471	2147483648	3221225471	1	19	2	1
1078	3096285184	3096289279	511705088	520093695	0	20	9	1
1079	3096248320	3096281087	0	268435455	1	17	4	1
1080	3096282624	3096282687	2147483648	2684354559	0	26	3	1
1081	3506438144	3523215359	1366818816	1367343103	1	8	13	1
1082	3493068800	3493085183	1073741824	2147483647	6	18	2	3
1083	1610612736	2147483647	3649077248	3649093631	1	3	18	1
1084	536870912	1073741823	2896052224	2896068607	1	3	18	1
1085	1577058304	1610612735	3649096704	3649097727	0	7	22	1
1086	1560379392	1560412159	3758096384	4294967295	6	17	3	3
1087	1560281088	1560346623	3489660928	3623878655	1	16	5	1
1088	1560368896	1560369151	3489660928	3623878655	0	24	5	1
1089	0	268435455	2896068608	2896101375	1	4	17	1
1090	301989888	318767103	2894069760	2895118335	6	8	12	3
1091	0	4294967295	2896044032	2896046079	1	0	21	1
1092	332398592	332922879	2919235584	2952790015	6	13	7	3
1093	333171072	333171199	1073741824	1342177279	0	25	4	1
1094	3097493504	3099590655	3640655872	3649044479	6	11	9	1
1095	3096297472	3096313855	3653238784	3657433087	0	18	10	1
1096	3096285184	3096289279	520093696	536870911	0	20	8	1
1097	333172736	333176831	2902458368	2919235583	0	20	8	1
1098	3154116608	3221225471	3649096704	3649097727	0	6	22	1
1099	3096283136	3096285183	469762048	503316479	0	21	7	1
1100	1560369152	1560371199	3657433088	3690987519	0	21	7	1
1101	3096282880	3096283135	2952790016	3221225471	0	24	4	1
1102	1560368896	1560369151	3221225472	3489660927	0	24	4	1
1103	3493085568	3493085695	1610612736	2147483647	0	25	3	1
1104	3493068800	3493085183	1073741824	2147483647	1	18	2	1
1105	1560379392	1560412159	3758096384	4294967295	1	17	3	1
1106	301989888	318767103	2894069760	2895118335	1	8	12	1
1107	333171200	333171711	2684354560	2818572287	0	23	5	1
1108	3095920640	3096182783	503316480	503840767	0	14	13	1
1109	3120562176	3154116607	3651141632	3653238783	6	7	11	2
1110	3096289280	3096297471	2902458368	2919235583	0	19	8	1
1111	3096282880	3096283135	536870912	1073741823	0	24	3	1
1112	3493085568	3493085695	1073741824	2147483647	0	25	2	1
1113	1560369152	1560371199	3690987520	3758096383	0	21	6	1
1114	333171200	333171711	0	268435455	0	23	4	1
1115	333171712	333172735	1476395008	1610612735	0	22	5	1
1116	2684354560	2952790015	3649096704	3649097727	0	4	22	1
1117	3154116608	3221225471	2896166912	2898264063	6	6	11	2
1118	3154116608	3221225471	3651141632	3653238783	6	6	11	2
1119	333176832	333185023	2919235584	2952790015	0	19	7	1
1120	333170944	333171007	0	4294967295	0	26	0	1
1121	2147483648	2684354559	2896047104	2896048127	0	3	22	1
1122	3154116608	3221225471	3651141632	3653238783	1	6	11	1
1123	3154116608	3221225471	3653238784	3657433087	6	6	10	2
1124	1577058304	1610612735	3640655872	3649044479	6	7	9	3
1125	333185024	333447167	2896166912	2898264063	0	14	11	1
1126	3120562176	3154116607	2885681152	2894069759	6	7	9	1
1127	3120562176	3154116607	2885681152	2894069759	1	7	9	1
1128	1577058304	1610612735	3640655872	3649044479	1	7	9	1
1129	3154116608	3221225471	3653238784	3657433087	1	6	10	1
1130	3154116608	3221225471	3640655872	3649044479	6	6	9	2
1131	3491758080	3492806655	1610612736	2147483647	6	12	3	3
1132	1561329664	1562378239	3758096384	4294967295	6	12	3	3
1133	3493086208	3493087231	2147483648	3221225471	0	22	2	1
1134	1562378240	1564475391	0	268435455	6	11	4	2
1135	1560369152	1560371199	536870912	1073741823	0	21	3	1
1136	3096285184	3096289279	3758096384	4294967295	0	20	3	1
1137	3154116608	3221225471	3640655872	3649044479	1	6	9	1
1138	3491758080	3492806655	1610612736	2147483647	1	12	3	1
1139	3493330944	3493855231	0	2147483647	6	13	1	3
1140	3758096384	4294967295	2896048128	2896052223	0	3	20	1
1141	1562378240	1564475391	0	268435455	1	11	4	1
1142	1610612736	2147483647	3651141632	3653238783	6	3	11	2
1143	1577058304	1610612735	1375731712	1409286143	6	7	7	2
1144	1560368128	1560368639	0	4294967295	0	23	0	1
1145	331350016	332398591	2147483648	3221225471	6	12	2	3
1146	333185024	333447167	0	4294967295	6	14	0	3
1147	327155712	331350015	2952790016	3221225471	6	10	4	2
1148	333152256	333168639	2684354560	2818572287	0	18	5	1
1149	3096444928	3097493503	3653238784	3657433087	0	12	10	1
1150	3097493504	3099590655	2896166912	2898264063	0	11	11	1
1151	3103784960	3120562175	2895642624	2895904767	0	8	14	1
1152	1543503872	1560281087	3649306624	3649568767	0	8	14	1
1153	3154116608	3221225471	3649110016	3649175551	0	6	16	1
1154	1476395008	1543503871	3649110016	3649175551	0	6	16	1
1155	3523215360	3556769791	1366294528	1366425599	0	7	15	1
1156	3623878656	3758096383	2896068608	2896101375	0	5	17	1
1157	402653184	536870911	2896068608	2896101375	0	5	17	1
1158	3493330944	3493855231	0	2147483647	1	13	1	1
1159	1560805376	1561329663	3640655872	3649044479	0	13	9	1
1160	1577058304	1610612735	1375731712	1409286143	1	7	7	1
1161	301989888	318767103	402653184	469762047	1	8	6	1
1162	333185024	333447167	0	4294967295	1	14	0	1
1163	327155712	331350015	2952790016	3221225471	1	10	4	1
1164	0	4294967295	2896047104	2896048127	0	0	22	1
1165	3099590656	3103784959	2147483648	3221225471	6	10	2	2
1166	3493855232	3498049535	1073741824	2147483647	6	10	2	3
1167	3097493504	3099590655	2147483648	3221225471	6	11	2	1
1168	3120562176	3154116607	3649306624	3649568767	0	7	14	1
1169	3096289280	3096297471	2147483648	3221225471	0	19	2	1
1170	3096248320	3096281087	0	268435455	0	17	4	1
1171	3523215360	3556769791	2684354560	2818572287	6	7	5	3
1172	3506438144	3523215359	1366818816	1367343103	0	8	13	1
1173	1568669696	1577058303	3758096384	4294967295	6	9	3	3
1174	318767104	327155711	2147483648	2684354559	6	9	3	3
1175	1610612736	2147483647	3649077248	3649093631	0	3	18	1
1176	536870912	1073741823	2896052224	2896068607	0	3	18	1
1177	1476395008	1543503871	402653184	469762047	6	6	6	3
1178	1560281088	1560346623	3489660928	3623878655	0	16	5	1
1179	0	268435455	2896068608	2896101375	0	4	17	1
1180	0	4294967295	2896044032	2896046079	0	0	21	1
1181	0	4294967295	2894069760	2895118335	6	0	12	3
1182	3099590656	3103784959	2147483648	3221225471	1	10	2	1
1183	3493855232	3498049535	1073741824	2147483647	1	10	2	1
1184	3097493504	3099590655	3640655872	3649044479	0	11	9	1
1185	3523215360	3556769791	2684354560	2818572287	1	7	5	1
1186	3758096384	4294967295	1342177280	1358954495	6	3	8	3
1187	3493068800	3493085183	1073741824	2147483647	0	18	2	1
1188	1568669696	1577058303	3758096384	4294967295	1	9	3	1
1189	318767104	327155711	2147483648	2684354559	1	9	3	1
1190	1564475392	1568669695	0	2147483647	6	10	1	3
1191	1476395008	1543503871	402653184	469762047	1	6	6	1
1192	1560379392	1560412159	3758096384	4294967295	0	17	3	1
1193	1073741824	1342177279	3657433088	3690987519	6	4	7	3
1194	301989888	318767103	2894069760	2895118335	0	8	12	1
1195	268435456	301989887	0	268435455	6	7	4	3
1196	0	4294967295	2894069760	2895118335	1	0	12	1
1197	332398592	332922879	2919235584	2952790015	0	13	7	1
1198	3087007744	3095396351	0	2147483647	6	9	1	2
1199	3498049536	3506438143	2147483648	4294967295	6	9	1	2
1200	3103784960	3120562175	2147483648	3221225471	6	8	2	3
1201	3758096384	4294967295	1375731712	1409286143	6	3	7	2
1202	1564475392	1568669695	0	2147483647	1	10	1	1
1203	1577058304	1610612735	1073741824	1342177279	6	7	4	1
1204	268435456	301989887	0	268435455	1	7	4	1
1205	1073741824	1342177279	3657433088	3690987519	1	4	7	1
1206	3087007744	3095396351	0	2147483647	1	9	1	1
1207	3498049536	3506438143	2147483648	4294967295	1	9	1	1
1208	3120562176	3154116607	2147483648	3221225471	6	7	2	3
1209	268435456	301989887	2147483648	3221225471	6	7	2	3
1210	3120562176	3154116607	3651141632	3653238783	0	7	11	1
1211	3103784960	3120562175	2147483648	3221225471	1	8	2	1
1212	3623878656	3758096383	1073741824	1342177279	6	5	4	3
1213	1342177280	1476395007	1073741824	1342177279	6	5	4	3
1214	3758096384	4294967295	1375731712	1409286143	1	3	7	1
1215	1073741824	1342177279	1476395008	1610612735	6	4	5	3
1216	3120562176	3154116607	2147483648	3221225471	1	7	2	1
1217	268435456	301989887	2147483648	3221225471	1	7	2	1
1218	3154116608	3221225471	2147483648	3221225471	6	6	2	3
1219	3556769792	3623878655	1073741824	2147483647	6	6	2	3
1220	335544320	402653183	2147483648	3221225471	6	6	2	3
1221	3154116608	3221225471	3651141632	3653238783	0	6	11	1
1222	2147483648	4294967295	1375731712	1409286143	6	1	7	3
1223	3623878656	3758096383	1073741824	1342177279	1	5	4	1
1224	1342177280	1476395007	1073741824	1342177279	1	5	4	1
1225	3221225472	3489660927	1073741824	1342177279	6	4	4	3
1226	3758096384	4294967295	1476395008	1610612735	6	3	5	3
1227	1073741824	1342177279	1476395008	1610612735	1	4	5	1
1228	3154116608	3221225471	2147483648	3221225471	1	6	2	1
1229	335544320	402653183	2147483648	3221225471	1	6	2	1
1230	3154116608	3221225471	3653238784	3657433087	0	6	10	1
1231	3556769792	3623878655	0	2147483647	6	6	1	3
1232	2147483648	4294967295	1375731712	1409286143	1	1	7	1
1233	3221225472	3489660927	1073741824	1342177279	1	4	4	1
1234	3758096384	4294967295	1476395008	1610612735	1	3	5	1
1235	1577058304	1610612735	3640655872	3649044479	0	7	9	1
1236	2952790016	3087007743	0	2147483647	6	5	1	3
1237	3154116608	3221225471	3640655872	3649044479	0	6	9	1
1238	3556769792	3623878655	0	2147483647	1	6	1	1
1239	3491758080	3492806655	1610612736	2147483647	0	12	3	1
1240	1561329664	1562378239	3758096384	4294967295	0	12	3	1
1241	3221225472	3489660927	1073741824	2147483647	6	4	2	3
1242	1562378240	1564475391	0	268435455	0	11	4	1
1243	536870912	1073741823	536870912	1073741823	6	3	3	3
1244	0	1073741823	2952790016	3221225471	6	2	4	3
1245	2952790016	3087007743	0	2147483647	1	5	1	1
1246	2684354560	2952790015	0	2147483647	6	4	1	3
1247	2147483648	4294967295	1476395008	1610612735	6	1	5	1
1248	3493330944	3493855231	0	2147483647	0	13	1	1
1249	3221225472	4294967295	1610612736	2147483647	6	2	3	3
1250	1610612736	2147483647	3651141632	3653238783	0	3	11	1
1251	1577058304	1610612735	1375731712	1409286143	0	7	7	1
1252	1342177280	1476395007	0	4294967295	6	5	0	2
1253	331350016	332398591	2147483648	3221225471	0	12	2	1
1254	301989888	318767103	402653184	469762047	0	8	6	1
1255	333185024	333447167	0	4294967295	0	14	0	1
1256	327155712	331350015	2952790016	3221225471	0	10	4	1
1257	536870912	1073741823	536870912	1073741823	1	3	3	1
1258	0	1073741823	2952790016	3221225471	1	2	4	1
1259	2684354560	2952790015	0	2147483647	1	4	1	1
1260	2147483648	2684354559	0	2147483647	6	3	1	3
1261	3221225472	4294967295	1610612736	2147483647	1	2	3	1
1262	1342177280	1476395007	0	4294967295	1	5	0	1
1263	0	2147483647	2147483648	2684354559	6	1	3	3
1264	3099590656	3103784959	2147483648	3221225471	0	10	2	1
1265	3493855232	3498049535	1073741824	2147483647	0	10	2	1
1266	2147483648	2684354559	0	2147483647	1	3	1	1
1267	3523215360	3556769791	2684354560	2818572287	0	7	5	1
1268	1568669696	1577058303	3758096384	4294967295	0	9	3	1
1269	318767104	327155711	2147483648	2684354559	0	9	3	1
1270	1476395008	1543503871	402653184	469762047	0	6	6	1
1271	0	4294967295	2894069760	2895118335	0	0	12	1
1272	0	2147483647	2147483648	2684354559	1	1	3	1
1273	3758096384	4294967295	1342177280	1358954495	0	3	8	1
1274	1564475392	1568669695	0	2147483647	0	10	1	1
1275	1577058304	1610612735	1073741824	1342177279	0	7	4	1
1276	268435456	301989887	0	268435455	0	7	4	1
1277	1073741824	1342177279	3657433088	3690987519	0	4	7	1
1278	3087007744	3095396351	0	2147483647	0	9	1	1
1279	3498049536	3506438143	2147483648	4294967295	0	9	1	1
1280	3103784960	3120562175	2147483648	3221225471	0	8	2	1
1281	3758096384	4294967295	1375731712	1409286143	0	3	7	1
1282	0	4294967295	2147483648	4294967295	6	0	1	3
1283	3120562176	3154116607	2147483648	3221225471	0	7	2	1
1284	268435456	301989887	2147483648	3221225471	0	7	2	1
1285	3623878656	3758096383	1073741824	1342177279	0	5	4	1
1286	1342177280	1476395007	1073741824	1342177279	0	5	4	1
1287	1073741824	1342177279	1476395008	1610612735	0	4	5	1
1288	0	4294967295	2147483648	4294967295	1	0	1	1
1289	3154116608	3221225471	2147483648	3221225471	0	6	2	1
1290	3556769792	3623878655	1073741824	2147483647	0	6	2	1
1291	335544320	402653183	2147483648	3221225471	0	6	2	1
1292	2147483648	4294967295	1375731712	1409286143	0	1	7	1
1293	3221225472	3489660927	1073741824	1342177279	0	4	4	1
1294	3758096384	4294967295	1476395008	1610612735	0	3	5	1
1295	3556769792	3623878655	0	2147483647	0	6	1	1
1296	2952790016	3087007743	0	2147483647	0	5	1	1
1297	3221225472	3489660927	1073741824	2147483647	0	4	2	1
1298	536870912	1073741823	536870912	1073741823	0	3	3	1
1299	0	1073741823	2952790016	3221225471	0	2	4	1
1300	2684354560	2952790015	0	2147483647	0	4	1	1
1301	3221225472	4294967295	1610612736	2147483647	0	2	3	1
1302	1342177280	1476395007	0	4294967295	0	5	0	1
1303	2147483648	2684354559	0	2147483647	0	3	1	1
1304	0	2147483647	2147483648	2684354559	0	1	3	1
1305	0	4294967295	2147483648	4294967295	0	0	1	1
