MetaInfo for SRC Port (27 entries)
Idx	InitNum	Src_lo	Src_hi	GroupIDs
0	0	0	65535	{}
1	1	0	65535	{}
2	2	1000	2000	{}
3	3	1500	1800	{}
4	4	1500	1600	{}
5	5	1500	1600	{}
6	6	1500	1600	{}
7	7	4000	5000	{}
8	8	4500	4800	{}
9	9	0	65535	{}
10	10	0	65535	{}
11	11	100	200	{}
12	12	150	180	{}
13	13	150	180	{}
14	14	0	65535	{}
15	15	2000	3000	{}
16	16	2500	2600	{}
17	17	2500	2600	{}
18	18	1500	1600	{}
19	19	1500	1600	{}
20	20	1800	2500	{}
21	21	2000	3000	{}
22	22	1000	1500	{}
23	23	1000	1500	{}
24	24	1000	1500	{}
25	25	1500	1800	{}
26	26	100	200	{}
